"sep=,"
id,timestamp,accuracy,loss,correct,incorrect,total,c.B2.tp,c.B2.fn,c.B2.fp,c.B3.tp,c.B3.fn,c.B3.fp,c.B4.tp,c.B4.fn,c.B4.fp,c.UPS.tp,c.UPS.fn,c.UPS.fp,env.os,env.platform,env.sox,env.java.1,env.java.2,env.java.3,env.keras,env.tf,env.gpu,pipeline.AudioLoadTask,pipeline.AudioLoadTask.mdb,pipeline.AudioLoadTask.dataset_name,pipeline.AudioLoadTask.source,pipeline.DurationLengthFilter,pipeline.DurationLengthFilter.min_duration_length,pipeline.MinCountLabelFilter,pipeline.MinCountLabelFilter.min_count,pipeline.ExtractLabelPartsTask,pipeline.ExtractLabelPartsTask.fixed_length,pipeline.ExtractLabelPartsTask.padded_left,pipeline.NoiseReduceTask,pipeline.NoiseReduceTask.sensitivity,pipeline.NoiseReduceTask.noise.AudioLoadTask,pipeline.NoiseReduceTask.noise.AudioLoadTask.mdb,pipeline.NoiseReduceTask.noise.AudioLoadTask.dataset_name,pipeline.NoiseReduceTask.noise.AudioLoadTask.source,pipeline.NoiseReduceTask.noise.DurationLengthFilter,pipeline.NoiseReduceTask.noise.DurationLengthFilter.min_duration_length,pipeline.NoiseReduceTask.noise.MinCountLabelFilter,pipeline.NoiseReduceTask.noise.MinCountLabelFilter.min_count,pipeline.NoiseReduceTask.noise.SilentAudioTask,pipeline.NoiseReduceTask.noise.SilentAudioTask.max_length,pipeline.NoiseReduceTask.noise.NoiseProfileTask,pipeline.CreateSpectrogramTask,pipeline.CreateSpectrogramTask.sampling_rate,pipeline.CreateSpectrogramTask.width,pipeline.CreateSpectrogramTask.window,pipeline.ExtractHOGHWRecogTask,pipeline.KFoldSeparationTask,pipeline.KFoldSeparationTask.k,pipeline.KFoldSeparationTask.val_bins,pipeline.KFoldSeparationTask.test_bins,pipeline.KFoldSeparationTask.n,pipeline.CreateNNModelTask,pipeline.CreateNNModelTask.name,pipeline.CreateNNModelTask.model.name,pipeline.CreateNNModelTask.model.layers.1.class_name,pipeline.CreateNNModelTask.model.layers.1.config.batch_input_shape.2,pipeline.CreateNNModelTask.model.layers.1.config.batch_input_shape.3,pipeline.CreateNNModelTask.model.layers.1.config.batch_input_shape.4,pipeline.CreateNNModelTask.model.layers.1.config.dtype,pipeline.CreateNNModelTask.model.layers.1.config.sparse,pipeline.CreateNNModelTask.model.layers.1.config.ragged,pipeline.CreateNNModelTask.model.layers.1.config.name,pipeline.CreateNNModelTask.model.layers.1.name,pipeline.CreateNNModelTask.model.layers.2.class_name,pipeline.CreateNNModelTask.model.layers.2.config.name,pipeline.CreateNNModelTask.model.layers.2.config.trainable,pipeline.CreateNNModelTask.model.layers.2.config.dtype,pipeline.CreateNNModelTask.model.layers.2.config.padding.1.1,pipeline.CreateNNModelTask.model.layers.2.config.padding.1.2,pipeline.CreateNNModelTask.model.layers.2.config.padding.2.1,pipeline.CreateNNModelTask.model.layers.2.config.padding.2.2,pipeline.CreateNNModelTask.model.layers.2.config.data_format,pipeline.CreateNNModelTask.model.layers.2.name,pipeline.CreateNNModelTask.model.layers.2.inbound_nodes.1.1.1,pipeline.CreateNNModelTask.model.layers.2.inbound_nodes.1.1.2,pipeline.CreateNNModelTask.model.layers.2.inbound_nodes.1.1.3,pipeline.CreateNNModelTask.model.layers.3.class_name,pipeline.CreateNNModelTask.model.layers.3.config.name,pipeline.CreateNNModelTask.model.layers.3.config.trainable,pipeline.CreateNNModelTask.model.layers.3.config.dtype,pipeline.CreateNNModelTask.model.layers.3.config.filters,pipeline.CreateNNModelTask.model.layers.3.config.kernel_size.1,pipeline.CreateNNModelTask.model.layers.3.config.kernel_size.2,pipeline.CreateNNModelTask.model.layers.3.config.strides.1,pipeline.CreateNNModelTask.model.layers.3.config.strides.2,pipeline.CreateNNModelTask.model.layers.3.config.padding,pipeline.CreateNNModelTask.model.layers.3.config.data_format,pipeline.CreateNNModelTask.model.layers.3.config.dilation_rate.1,pipeline.CreateNNModelTask.model.layers.3.config.dilation_rate.2,pipeline.CreateNNModelTask.model.layers.3.config.groups,pipeline.CreateNNModelTask.model.layers.3.config.activation,pipeline.CreateNNModelTask.model.layers.3.config.use_bias,pipeline.CreateNNModelTask.model.layers.3.config.kernel_initializer.class_name,pipeline.CreateNNModelTask.model.layers.3.config.bias_initializer.class_name,pipeline.CreateNNModelTask.model.layers.3.name,pipeline.CreateNNModelTask.model.layers.3.inbound_nodes.1.1.1,pipeline.CreateNNModelTask.model.layers.3.inbound_nodes.1.1.2,pipeline.CreateNNModelTask.model.layers.3.inbound_nodes.1.1.3,pipeline.CreateNNModelTask.model.layers.4.class_name,pipeline.CreateNNModelTask.model.layers.4.config.name,pipeline.CreateNNModelTask.model.layers.4.config.trainable,pipeline.CreateNNModelTask.model.layers.4.config.dtype,pipeline.CreateNNModelTask.model.layers.4.config.axis.1,pipeline.CreateNNModelTask.model.layers.4.config.momentum,pipeline.CreateNNModelTask.model.layers.4.config.epsilon,pipeline.CreateNNModelTask.model.layers.4.config.center,pipeline.CreateNNModelTask.model.layers.4.config.scale,pipeline.CreateNNModelTask.model.layers.4.config.beta_initializer.class_name,pipeline.CreateNNModelTask.model.layers.4.config.gamma_initializer.class_name,pipeline.CreateNNModelTask.model.layers.4.config.moving_mean_initializer.class_name,pipeline.CreateNNModelTask.model.layers.4.config.moving_variance_initializer.class_name,pipeline.CreateNNModelTask.model.layers.4.name,pipeline.CreateNNModelTask.model.layers.4.inbound_nodes.1.1.1,pipeline.CreateNNModelTask.model.layers.4.inbound_nodes.1.1.2,pipeline.CreateNNModelTask.model.layers.4.inbound_nodes.1.1.3,pipeline.CreateNNModelTask.model.layers.5.class_name,pipeline.CreateNNModelTask.model.layers.5.config.name,pipeline.CreateNNModelTask.model.layers.5.config.trainable,pipeline.CreateNNModelTask.model.layers.5.config.dtype,pipeline.CreateNNModelTask.model.layers.5.config.activation,pipeline.CreateNNModelTask.model.layers.5.name,pipeline.CreateNNModelTask.model.layers.5.inbound_nodes.1.1.1,pipeline.CreateNNModelTask.model.layers.5.inbound_nodes.1.1.2,pipeline.CreateNNModelTask.model.layers.5.inbound_nodes.1.1.3,pipeline.CreateNNModelTask.model.layers.6.class_name,pipeline.CreateNNModelTask.model.layers.6.config.name,pipeline.CreateNNModelTask.model.layers.6.config.trainable,pipeline.CreateNNModelTask.model.layers.6.config.dtype,pipeline.CreateNNModelTask.model.layers.6.config.padding.1.1,pipeline.CreateNNModelTask.model.layers.6.config.padding.1.2,pipeline.CreateNNModelTask.model.layers.6.config.padding.2.1,pipeline.CreateNNModelTask.model.layers.6.config.padding.2.2,pipeline.CreateNNModelTask.model.layers.6.config.data_format,pipeline.CreateNNModelTask.model.layers.6.name,pipeline.CreateNNModelTask.model.layers.6.inbound_nodes.1.1.1,pipeline.CreateNNModelTask.model.layers.6.inbound_nodes.1.1.2,pipeline.CreateNNModelTask.model.layers.6.inbound_nodes.1.1.3,pipeline.CreateNNModelTask.model.layers.7.class_name,pipeline.CreateNNModelTask.model.layers.7.config.name,pipeline.CreateNNModelTask.model.layers.7.config.trainable,pipeline.CreateNNModelTask.model.layers.7.config.dtype,pipeline.CreateNNModelTask.model.layers.7.config.pool_size.1,pipeline.CreateNNModelTask.model.layers.7.config.pool_size.2,pipeline.CreateNNModelTask.model.layers.7.config.padding,pipeline.CreateNNModelTask.model.layers.7.config.strides.1,pipeline.CreateNNModelTask.model.layers.7.config.strides.2,pipeline.CreateNNModelTask.model.layers.7.config.data_format,pipeline.CreateNNModelTask.model.layers.7.name,pipeline.CreateNNModelTask.model.layers.7.inbound_nodes.1.1.1,pipeline.CreateNNModelTask.model.layers.7.inbound_nodes.1.1.2,pipeline.CreateNNModelTask.model.layers.7.inbound_nodes.1.1.3,pipeline.CreateNNModelTask.model.layers.8.class_name,pipeline.CreateNNModelTask.model.layers.8.config.name,pipeline.CreateNNModelTask.model.layers.8.config.trainable,pipeline.CreateNNModelTask.model.layers.8.config.dtype,pipeline.CreateNNModelTask.model.layers.8.config.axis.1,pipeline.CreateNNModelTask.model.layers.8.config.momentum,pipeline.CreateNNModelTask.model.layers.8.config.epsilon,pipeline.CreateNNModelTask.model.layers.8.config.center,pipeline.CreateNNModelTask.model.layers.8.config.scale,pipeline.CreateNNModelTask.model.layers.8.config.beta_initializer.class_name,pipeline.CreateNNModelTask.model.layers.8.config.gamma_initializer.class_name,pipeline.CreateNNModelTask.model.layers.8.config.moving_mean_initializer.class_name,pipeline.CreateNNModelTask.model.layers.8.config.moving_variance_initializer.class_name,pipeline.CreateNNModelTask.model.layers.8.name,pipeline.CreateNNModelTask.model.layers.8.inbound_nodes.1.1.1,pipeline.CreateNNModelTask.model.layers.8.inbound_nodes.1.1.2,pipeline.CreateNNModelTask.model.layers.8.inbound_nodes.1.1.3,pipeline.CreateNNModelTask.model.layers.9.class_name,pipeline.CreateNNModelTask.model.layers.9.config.name,pipeline.CreateNNModelTask.model.layers.9.config.trainable,pipeline.CreateNNModelTask.model.layers.9.config.dtype,pipeline.CreateNNModelTask.model.layers.9.config.activation,pipeline.CreateNNModelTask.model.layers.9.name,pipeline.CreateNNModelTask.model.layers.9.inbound_nodes.1.1.1,pipeline.CreateNNModelTask.model.layers.9.inbound_nodes.1.1.2,pipeline.CreateNNModelTask.model.layers.9.inbound_nodes.1.1.3,pipeline.CreateNNModelTask.model.layers.10.class_name,pipeline.CreateNNModelTask.model.layers.10.config.name,pipeline.CreateNNModelTask.model.layers.10.config.trainable,pipeline.CreateNNModelTask.model.layers.10.config.dtype,pipeline.CreateNNModelTask.model.layers.10.config.filters,pipeline.CreateNNModelTask.model.layers.10.config.kernel_size.1,pipeline.CreateNNModelTask.model.layers.10.config.kernel_size.2,pipeline.CreateNNModelTask.model.layers.10.config.strides.1,pipeline.CreateNNModelTask.model.layers.10.config.strides.2,pipeline.CreateNNModelTask.model.layers.10.config.padding,pipeline.CreateNNModelTask.model.layers.10.config.data_format,pipeline.CreateNNModelTask.model.layers.10.config.dilation_rate.1,pipeline.CreateNNModelTask.model.layers.10.config.dilation_rate.2,pipeline.CreateNNModelTask.model.layers.10.config.groups,pipeline.CreateNNModelTask.model.layers.10.config.activation,pipeline.CreateNNModelTask.model.layers.10.config.use_bias,pipeline.CreateNNModelTask.model.layers.10.config.kernel_initializer.class_name,pipeline.CreateNNModelTask.model.layers.10.config.bias_initializer.class_name,pipeline.CreateNNModelTask.model.layers.10.name,pipeline.CreateNNModelTask.model.layers.10.inbound_nodes.1.1.1,pipeline.CreateNNModelTask.model.layers.10.inbound_nodes.1.1.2,pipeline.CreateNNModelTask.model.layers.10.inbound_nodes.1.1.3,pipeline.CreateNNModelTask.model.layers.11.class_name,pipeline.CreateNNModelTask.model.layers.11.config.name,pipeline.CreateNNModelTask.model.layers.11.config.trainable,pipeline.CreateNNModelTask.model.layers.11.config.dtype,pipeline.CreateNNModelTask.model.layers.11.config.axis.1,pipeline.CreateNNModelTask.model.layers.11.config.momentum,pipeline.CreateNNModelTask.model.layers.11.config.epsilon,pipeline.CreateNNModelTask.model.layers.11.config.center,pipeline.CreateNNModelTask.model.layers.11.config.scale,pipeline.CreateNNModelTask.model.layers.11.config.beta_initializer.class_name,pipeline.CreateNNModelTask.model.layers.11.config.gamma_initializer.class_name,pipeline.CreateNNModelTask.model.layers.11.config.moving_mean_initializer.class_name,pipeline.CreateNNModelTask.model.layers.11.config.moving_variance_initializer.class_name,pipeline.CreateNNModelTask.model.layers.11.name,pipeline.CreateNNModelTask.model.layers.11.inbound_nodes.1.1.1,pipeline.CreateNNModelTask.model.layers.11.inbound_nodes.1.1.2,pipeline.CreateNNModelTask.model.layers.11.inbound_nodes.1.1.3,pipeline.CreateNNModelTask.model.layers.12.class_name,pipeline.CreateNNModelTask.model.layers.12.config.name,pipeline.CreateNNModelTask.model.layers.12.config.trainable,pipeline.CreateNNModelTask.model.layers.12.config.dtype,pipeline.CreateNNModelTask.model.layers.12.config.activation,pipeline.CreateNNModelTask.model.layers.12.name,pipeline.CreateNNModelTask.model.layers.12.inbound_nodes.1.1.1,pipeline.CreateNNModelTask.model.layers.12.inbound_nodes.1.1.2,pipeline.CreateNNModelTask.model.layers.12.inbound_nodes.1.1.3,pipeline.CreateNNModelTask.model.layers.13.class_name,pipeline.CreateNNModelTask.model.layers.13.config.name,pipeline.CreateNNModelTask.model.layers.13.config.trainable,pipeline.CreateNNModelTask.model.layers.13.config.dtype,pipeline.CreateNNModelTask.model.layers.13.config.filters,pipeline.CreateNNModelTask.model.layers.13.config.kernel_size.1,pipeline.CreateNNModelTask.model.layers.13.config.kernel_size.2,pipeline.CreateNNModelTask.model.layers.13.config.strides.1,pipeline.CreateNNModelTask.model.layers.13.config.strides.2,pipeline.CreateNNModelTask.model.layers.13.config.padding,pipeline.CreateNNModelTask.model.layers.13.config.data_format,pipeline.CreateNNModelTask.model.layers.13.config.dilation_rate.1,pipeline.CreateNNModelTask.model.layers.13.config.dilation_rate.2,pipeline.CreateNNModelTask.model.layers.13.config.groups,pipeline.CreateNNModelTask.model.layers.13.config.activation,pipeline.CreateNNModelTask.model.layers.13.config.use_bias,pipeline.CreateNNModelTask.model.layers.13.config.kernel_initializer.class_name,pipeline.CreateNNModelTask.model.layers.13.config.bias_initializer.class_name,pipeline.CreateNNModelTask.model.layers.13.name,pipeline.CreateNNModelTask.model.layers.13.inbound_nodes.1.1.1,pipeline.CreateNNModelTask.model.layers.13.inbound_nodes.1.1.2,pipeline.CreateNNModelTask.model.layers.13.inbound_nodes.1.1.3,pipeline.CreateNNModelTask.model.layers.14.class_name,pipeline.CreateNNModelTask.model.layers.14.config.name,pipeline.CreateNNModelTask.model.layers.14.config.trainable,pipeline.CreateNNModelTask.model.layers.14.config.dtype,pipeline.CreateNNModelTask.model.layers.14.config.axis,pipeline.CreateNNModelTask.model.layers.14.name,pipeline.CreateNNModelTask.model.layers.14.inbound_nodes.1.1.1,pipeline.CreateNNModelTask.model.layers.14.inbound_nodes.1.1.2,pipeline.CreateNNModelTask.model.layers.14.inbound_nodes.1.1.3,pipeline.CreateNNModelTask.model.layers.14.inbound_nodes.1.2.1,pipeline.CreateNNModelTask.model.layers.14.inbound_nodes.1.2.2,pipeline.CreateNNModelTask.model.layers.14.inbound_nodes.1.2.3,pipeline.CreateNNModelTask.model.layers.15.class_name,pipeline.CreateNNModelTask.model.layers.15.config.name,pipeline.CreateNNModelTask.model.layers.15.config.trainable,pipeline.CreateNNModelTask.model.layers.15.config.dtype,pipeline.CreateNNModelTask.model.layers.15.config.axis.1,pipeline.CreateNNModelTask.model.layers.15.config.momentum,pipeline.CreateNNModelTask.model.layers.15.config.epsilon,pipeline.CreateNNModelTask.model.layers.15.config.center,pipeline.CreateNNModelTask.model.layers.15.config.scale,pipeline.CreateNNModelTask.model.layers.15.config.beta_initializer.class_name,pipeline.CreateNNModelTask.model.layers.15.config.gamma_initializer.class_name,pipeline.CreateNNModelTask.model.layers.15.config.moving_mean_initializer.class_name,pipeline.CreateNNModelTask.model.layers.15.config.moving_variance_initializer.class_name,pipeline.CreateNNModelTask.model.layers.15.name,pipeline.CreateNNModelTask.model.layers.15.inbound_nodes.1.1.1,pipeline.CreateNNModelTask.model.layers.15.inbound_nodes.1.1.2,pipeline.CreateNNModelTask.model.layers.15.inbound_nodes.1.1.3,pipeline.CreateNNModelTask.model.layers.16.class_name,pipeline.CreateNNModelTask.model.layers.16.config.name,pipeline.CreateNNModelTask.model.layers.16.config.trainable,pipeline.CreateNNModelTask.model.layers.16.config.dtype,pipeline.CreateNNModelTask.model.layers.16.config.activation,pipeline.CreateNNModelTask.model.layers.16.name,pipeline.CreateNNModelTask.model.layers.16.inbound_nodes.1.1.1,pipeline.CreateNNModelTask.model.layers.16.inbound_nodes.1.1.2,pipeline.CreateNNModelTask.model.layers.16.inbound_nodes.1.1.3,pipeline.CreateNNModelTask.model.layers.17.class_name,pipeline.CreateNNModelTask.model.layers.17.config.name,pipeline.CreateNNModelTask.model.layers.17.config.trainable,pipeline.CreateNNModelTask.model.layers.17.config.dtype,pipeline.CreateNNModelTask.model.layers.17.config.filters,pipeline.CreateNNModelTask.model.layers.17.config.kernel_size.1,pipeline.CreateNNModelTask.model.layers.17.config.kernel_size.2,pipeline.CreateNNModelTask.model.layers.17.config.strides.1,pipeline.CreateNNModelTask.model.layers.17.config.strides.2,pipeline.CreateNNModelTask.model.layers.17.config.padding,pipeline.CreateNNModelTask.model.layers.17.config.data_format,pipeline.CreateNNModelTask.model.layers.17.config.dilation_rate.1,pipeline.CreateNNModelTask.model.layers.17.config.dilation_rate.2,pipeline.CreateNNModelTask.model.layers.17.config.groups,pipeline.CreateNNModelTask.model.layers.17.config.activation,pipeline.CreateNNModelTask.model.layers.17.config.use_bias,pipeline.CreateNNModelTask.model.layers.17.config.kernel_initializer.class_name,pipeline.CreateNNModelTask.model.layers.17.config.bias_initializer.class_name,pipeline.CreateNNModelTask.model.layers.17.name,pipeline.CreateNNModelTask.model.layers.17.inbound_nodes.1.1.1,pipeline.CreateNNModelTask.model.layers.17.inbound_nodes.1.1.2,pipeline.CreateNNModelTask.model.layers.17.inbound_nodes.1.1.3,pipeline.CreateNNModelTask.model.layers.18.class_name,pipeline.CreateNNModelTask.model.layers.18.config.name,pipeline.CreateNNModelTask.model.layers.18.config.trainable,pipeline.CreateNNModelTask.model.layers.18.config.dtype,pipeline.CreateNNModelTask.model.layers.18.config.axis.1,pipeline.CreateNNModelTask.model.layers.18.config.momentum,pipeline.CreateNNModelTask.model.layers.18.config.epsilon,pipeline.CreateNNModelTask.model.layers.18.config.center,pipeline.CreateNNModelTask.model.layers.18.config.scale,pipeline.CreateNNModelTask.model.layers.18.config.beta_initializer.class_name,pipeline.CreateNNModelTask.model.layers.18.config.gamma_initializer.class_name,pipeline.CreateNNModelTask.model.layers.18.config.moving_mean_initializer.class_name,pipeline.CreateNNModelTask.model.layers.18.config.moving_variance_initializer.class_name,pipeline.CreateNNModelTask.model.layers.18.name,pipeline.CreateNNModelTask.model.layers.18.inbound_nodes.1.1.1,pipeline.CreateNNModelTask.model.layers.18.inbound_nodes.1.1.2,pipeline.CreateNNModelTask.model.layers.18.inbound_nodes.1.1.3,pipeline.CreateNNModelTask.model.layers.19.class_name,pipeline.CreateNNModelTask.model.layers.19.config.name,pipeline.CreateNNModelTask.model.layers.19.config.trainable,pipeline.CreateNNModelTask.model.layers.19.config.dtype,pipeline.CreateNNModelTask.model.layers.19.config.activation,pipeline.CreateNNModelTask.model.layers.19.name,pipeline.CreateNNModelTask.model.layers.19.inbound_nodes.1.1.1,pipeline.CreateNNModelTask.model.layers.19.inbound_nodes.1.1.2,pipeline.CreateNNModelTask.model.layers.19.inbound_nodes.1.1.3,pipeline.CreateNNModelTask.model.layers.20.class_name,pipeline.CreateNNModelTask.model.layers.20.config.name,pipeline.CreateNNModelTask.model.layers.20.config.trainable,pipeline.CreateNNModelTask.model.layers.20.config.dtype,pipeline.CreateNNModelTask.model.layers.20.config.filters,pipeline.CreateNNModelTask.model.layers.20.config.kernel_size.1,pipeline.CreateNNModelTask.model.layers.20.config.kernel_size.2,pipeline.CreateNNModelTask.model.layers.20.config.strides.1,pipeline.CreateNNModelTask.model.layers.20.config.strides.2,pipeline.CreateNNModelTask.model.layers.20.config.padding,pipeline.CreateNNModelTask.model.layers.20.config.data_format,pipeline.CreateNNModelTask.model.layers.20.config.dilation_rate.1,pipeline.CreateNNModelTask.model.layers.20.config.dilation_rate.2,pipeline.CreateNNModelTask.model.layers.20.config.groups,pipeline.CreateNNModelTask.model.layers.20.config.activation,pipeline.CreateNNModelTask.model.layers.20.config.use_bias,pipeline.CreateNNModelTask.model.layers.20.config.kernel_initializer.class_name,pipeline.CreateNNModelTask.model.layers.20.config.bias_initializer.class_name,pipeline.CreateNNModelTask.model.layers.20.name,pipeline.CreateNNModelTask.model.layers.20.inbound_nodes.1.1.1,pipeline.CreateNNModelTask.model.layers.20.inbound_nodes.1.1.2,pipeline.CreateNNModelTask.model.layers.20.inbound_nodes.1.1.3,pipeline.CreateNNModelTask.model.layers.21.class_name,pipeline.CreateNNModelTask.model.layers.21.config.name,pipeline.CreateNNModelTask.model.layers.21.config.trainable,pipeline.CreateNNModelTask.model.layers.21.config.dtype,pipeline.CreateNNModelTask.model.layers.21.config.axis,pipeline.CreateNNModelTask.model.layers.21.name,pipeline.CreateNNModelTask.model.layers.21.inbound_nodes.1.1.1,pipeline.CreateNNModelTask.model.layers.21.inbound_nodes.1.1.2,pipeline.CreateNNModelTask.model.layers.21.inbound_nodes.1.1.3,pipeline.CreateNNModelTask.model.layers.21.inbound_nodes.1.2.1,pipeline.CreateNNModelTask.model.layers.21.inbound_nodes.1.2.2,pipeline.CreateNNModelTask.model.layers.21.inbound_nodes.1.2.3,pipeline.CreateNNModelTask.model.layers.22.class_name,pipeline.CreateNNModelTask.model.layers.22.config.name,pipeline.CreateNNModelTask.model.layers.22.config.trainable,pipeline.CreateNNModelTask.model.layers.22.config.dtype,pipeline.CreateNNModelTask.model.layers.22.config.axis.1,pipeline.CreateNNModelTask.model.layers.22.config.momentum,pipeline.CreateNNModelTask.model.layers.22.config.epsilon,pipeline.CreateNNModelTask.model.layers.22.config.center,pipeline.CreateNNModelTask.model.layers.22.config.scale,pipeline.CreateNNModelTask.model.layers.22.config.beta_initializer.class_name,pipeline.CreateNNModelTask.model.layers.22.config.gamma_initializer.class_name,pipeline.CreateNNModelTask.model.layers.22.config.moving_mean_initializer.class_name,pipeline.CreateNNModelTask.model.layers.22.config.moving_variance_initializer.class_name,pipeline.CreateNNModelTask.model.layers.22.name,pipeline.CreateNNModelTask.model.layers.22.inbound_nodes.1.1.1,pipeline.CreateNNModelTask.model.layers.22.inbound_nodes.1.1.2,pipeline.CreateNNModelTask.model.layers.22.inbound_nodes.1.1.3,pipeline.CreateNNModelTask.model.layers.23.class_name,pipeline.CreateNNModelTask.model.layers.23.config.name,pipeline.CreateNNModelTask.model.layers.23.config.trainable,pipeline.CreateNNModelTask.model.layers.23.config.dtype,pipeline.CreateNNModelTask.model.layers.23.config.activation,pipeline.CreateNNModelTask.model.layers.23.name,pipeline.CreateNNModelTask.model.layers.23.inbound_nodes.1.1.1,pipeline.CreateNNModelTask.model.layers.23.inbound_nodes.1.1.2,pipeline.CreateNNModelTask.model.layers.23.inbound_nodes.1.1.3,pipeline.CreateNNModelTask.model.layers.24.class_name,pipeline.CreateNNModelTask.model.layers.24.config.name,pipeline.CreateNNModelTask.model.layers.24.config.trainable,pipeline.CreateNNModelTask.model.layers.24.config.dtype,pipeline.CreateNNModelTask.model.layers.24.config.filters,pipeline.CreateNNModelTask.model.layers.24.config.kernel_size.1,pipeline.CreateNNModelTask.model.layers.24.config.kernel_size.2,pipeline.CreateNNModelTask.model.layers.24.config.strides.1,pipeline.CreateNNModelTask.model.layers.24.config.strides.2,pipeline.CreateNNModelTask.model.layers.24.config.padding,pipeline.CreateNNModelTask.model.layers.24.config.data_format,pipeline.CreateNNModelTask.model.layers.24.config.dilation_rate.1,pipeline.CreateNNModelTask.model.layers.24.config.dilation_rate.2,pipeline.CreateNNModelTask.model.layers.24.config.groups,pipeline.CreateNNModelTask.model.layers.24.config.activation,pipeline.CreateNNModelTask.model.layers.24.config.use_bias,pipeline.CreateNNModelTask.model.layers.24.config.kernel_initializer.class_name,pipeline.CreateNNModelTask.model.layers.24.config.bias_initializer.class_name,pipeline.CreateNNModelTask.model.layers.24.name,pipeline.CreateNNModelTask.model.layers.24.inbound_nodes.1.1.1,pipeline.CreateNNModelTask.model.layers.24.inbound_nodes.1.1.2,pipeline.CreateNNModelTask.model.layers.24.inbound_nodes.1.1.3,pipeline.CreateNNModelTask.model.layers.25.class_name,pipeline.CreateNNModelTask.model.layers.25.config.name,pipeline.CreateNNModelTask.model.layers.25.config.trainable,pipeline.CreateNNModelTask.model.layers.25.config.dtype,pipeline.CreateNNModelTask.model.layers.25.config.axis.1,pipeline.CreateNNModelTask.model.layers.25.config.momentum,pipeline.CreateNNModelTask.model.layers.25.config.epsilon,pipeline.CreateNNModelTask.model.layers.25.config.center,pipeline.CreateNNModelTask.model.layers.25.config.scale,pipeline.CreateNNModelTask.model.layers.25.config.beta_initializer.class_name,pipeline.CreateNNModelTask.model.layers.25.config.gamma_initializer.class_name,pipeline.CreateNNModelTask.model.layers.25.config.moving_mean_initializer.class_name,pipeline.CreateNNModelTask.model.layers.25.config.moving_variance_initializer.class_name,pipeline.CreateNNModelTask.model.layers.25.name,pipeline.CreateNNModelTask.model.layers.25.inbound_nodes.1.1.1,pipeline.CreateNNModelTask.model.layers.25.inbound_nodes.1.1.2,pipeline.CreateNNModelTask.model.layers.25.inbound_nodes.1.1.3,pipeline.CreateNNModelTask.model.layers.26.class_name,pipeline.CreateNNModelTask.model.layers.26.config.name,pipeline.CreateNNModelTask.model.layers.26.config.trainable,pipeline.CreateNNModelTask.model.layers.26.config.dtype,pipeline.CreateNNModelTask.model.layers.26.config.activation,pipeline.CreateNNModelTask.model.layers.26.name,pipeline.CreateNNModelTask.model.layers.26.inbound_nodes.1.1.1,pipeline.CreateNNModelTask.model.layers.26.inbound_nodes.1.1.2,pipeline.CreateNNModelTask.model.layers.26.inbound_nodes.1.1.3,pipeline.CreateNNModelTask.model.layers.27.class_name,pipeline.CreateNNModelTask.model.layers.27.config.name,pipeline.CreateNNModelTask.model.layers.27.config.trainable,pipeline.CreateNNModelTask.model.layers.27.config.dtype,pipeline.CreateNNModelTask.model.layers.27.config.filters,pipeline.CreateNNModelTask.model.layers.27.config.kernel_size.1,pipeline.CreateNNModelTask.model.layers.27.config.kernel_size.2,pipeline.CreateNNModelTask.model.layers.27.config.strides.1,pipeline.CreateNNModelTask.model.layers.27.config.strides.2,pipeline.CreateNNModelTask.model.layers.27.config.padding,pipeline.CreateNNModelTask.model.layers.27.config.data_format,pipeline.CreateNNModelTask.model.layers.27.config.dilation_rate.1,pipeline.CreateNNModelTask.model.layers.27.config.dilation_rate.2,pipeline.CreateNNModelTask.model.layers.27.config.groups,pipeline.CreateNNModelTask.model.layers.27.config.activation,pipeline.CreateNNModelTask.model.layers.27.config.use_bias,pipeline.CreateNNModelTask.model.layers.27.config.kernel_initializer.class_name,pipeline.CreateNNModelTask.model.layers.27.config.bias_initializer.class_name,pipeline.CreateNNModelTask.model.layers.27.name,pipeline.CreateNNModelTask.model.layers.27.inbound_nodes.1.1.1,pipeline.CreateNNModelTask.model.layers.27.inbound_nodes.1.1.2,pipeline.CreateNNModelTask.model.layers.27.inbound_nodes.1.1.3,pipeline.CreateNNModelTask.model.layers.28.class_name,pipeline.CreateNNModelTask.model.layers.28.config.name,pipeline.CreateNNModelTask.model.layers.28.config.trainable,pipeline.CreateNNModelTask.model.layers.28.config.dtype,pipeline.CreateNNModelTask.model.layers.28.config.axis,pipeline.CreateNNModelTask.model.layers.28.name,pipeline.CreateNNModelTask.model.layers.28.inbound_nodes.1.1.1,pipeline.CreateNNModelTask.model.layers.28.inbound_nodes.1.1.2,pipeline.CreateNNModelTask.model.layers.28.inbound_nodes.1.1.3,pipeline.CreateNNModelTask.model.layers.28.inbound_nodes.1.2.1,pipeline.CreateNNModelTask.model.layers.28.inbound_nodes.1.2.2,pipeline.CreateNNModelTask.model.layers.28.inbound_nodes.1.2.3,pipeline.CreateNNModelTask.model.layers.29.class_name,pipeline.CreateNNModelTask.model.layers.29.config.name,pipeline.CreateNNModelTask.model.layers.29.config.trainable,pipeline.CreateNNModelTask.model.layers.29.config.dtype,pipeline.CreateNNModelTask.model.layers.29.config.axis.1,pipeline.CreateNNModelTask.model.layers.29.config.momentum,pipeline.CreateNNModelTask.model.layers.29.config.epsilon,pipeline.CreateNNModelTask.model.layers.29.config.center,pipeline.CreateNNModelTask.model.layers.29.config.scale,pipeline.CreateNNModelTask.model.layers.29.config.beta_initializer.class_name,pipeline.CreateNNModelTask.model.layers.29.config.gamma_initializer.class_name,pipeline.CreateNNModelTask.model.layers.29.config.moving_mean_initializer.class_name,pipeline.CreateNNModelTask.model.layers.29.config.moving_variance_initializer.class_name,pipeline.CreateNNModelTask.model.layers.29.name,pipeline.CreateNNModelTask.model.layers.29.inbound_nodes.1.1.1,pipeline.CreateNNModelTask.model.layers.29.inbound_nodes.1.1.2,pipeline.CreateNNModelTask.model.layers.29.inbound_nodes.1.1.3,pipeline.CreateNNModelTask.model.layers.30.class_name,pipeline.CreateNNModelTask.model.layers.30.config.name,pipeline.CreateNNModelTask.model.layers.30.config.trainable,pipeline.CreateNNModelTask.model.layers.30.config.dtype,pipeline.CreateNNModelTask.model.layers.30.config.activation,pipeline.CreateNNModelTask.model.layers.30.name,pipeline.CreateNNModelTask.model.layers.30.inbound_nodes.1.1.1,pipeline.CreateNNModelTask.model.layers.30.inbound_nodes.1.1.2,pipeline.CreateNNModelTask.model.layers.30.inbound_nodes.1.1.3,pipeline.CreateNNModelTask.model.layers.31.class_name,pipeline.CreateNNModelTask.model.layers.31.config.name,pipeline.CreateNNModelTask.model.layers.31.config.trainable,pipeline.CreateNNModelTask.model.layers.31.config.dtype,pipeline.CreateNNModelTask.model.layers.31.config.filters,pipeline.CreateNNModelTask.model.layers.31.config.kernel_size.1,pipeline.CreateNNModelTask.model.layers.31.config.kernel_size.2,pipeline.CreateNNModelTask.model.layers.31.config.strides.1,pipeline.CreateNNModelTask.model.layers.31.config.strides.2,pipeline.CreateNNModelTask.model.layers.31.config.padding,pipeline.CreateNNModelTask.model.layers.31.config.data_format,pipeline.CreateNNModelTask.model.layers.31.config.dilation_rate.1,pipeline.CreateNNModelTask.model.layers.31.config.dilation_rate.2,pipeline.CreateNNModelTask.model.layers.31.config.groups,pipeline.CreateNNModelTask.model.layers.31.config.activation,pipeline.CreateNNModelTask.model.layers.31.config.use_bias,pipeline.CreateNNModelTask.model.layers.31.config.kernel_initializer.class_name,pipeline.CreateNNModelTask.model.layers.31.config.bias_initializer.class_name,pipeline.CreateNNModelTask.model.layers.31.name,pipeline.CreateNNModelTask.model.layers.31.inbound_nodes.1.1.1,pipeline.CreateNNModelTask.model.layers.31.inbound_nodes.1.1.2,pipeline.CreateNNModelTask.model.layers.31.inbound_nodes.1.1.3,pipeline.CreateNNModelTask.model.layers.32.class_name,pipeline.CreateNNModelTask.model.layers.32.config.name,pipeline.CreateNNModelTask.model.layers.32.config.trainable,pipeline.CreateNNModelTask.model.layers.32.config.dtype,pipeline.CreateNNModelTask.model.layers.32.config.axis.1,pipeline.CreateNNModelTask.model.layers.32.config.momentum,pipeline.CreateNNModelTask.model.layers.32.config.epsilon,pipeline.CreateNNModelTask.model.layers.32.config.center,pipeline.CreateNNModelTask.model.layers.32.config.scale,pipeline.CreateNNModelTask.model.layers.32.config.beta_initializer.class_name,pipeline.CreateNNModelTask.model.layers.32.config.gamma_initializer.class_name,pipeline.CreateNNModelTask.model.layers.32.config.moving_mean_initializer.class_name,pipeline.CreateNNModelTask.model.layers.32.config.moving_variance_initializer.class_name,pipeline.CreateNNModelTask.model.layers.32.name,pipeline.CreateNNModelTask.model.layers.32.inbound_nodes.1.1.1,pipeline.CreateNNModelTask.model.layers.32.inbound_nodes.1.1.2,pipeline.CreateNNModelTask.model.layers.32.inbound_nodes.1.1.3,pipeline.CreateNNModelTask.model.layers.33.class_name,pipeline.CreateNNModelTask.model.layers.33.config.name,pipeline.CreateNNModelTask.model.layers.33.config.trainable,pipeline.CreateNNModelTask.model.layers.33.config.dtype,pipeline.CreateNNModelTask.model.layers.33.config.activation,pipeline.CreateNNModelTask.model.layers.33.name,pipeline.CreateNNModelTask.model.layers.33.inbound_nodes.1.1.1,pipeline.CreateNNModelTask.model.layers.33.inbound_nodes.1.1.2,pipeline.CreateNNModelTask.model.layers.33.inbound_nodes.1.1.3,pipeline.CreateNNModelTask.model.layers.34.class_name,pipeline.CreateNNModelTask.model.layers.34.config.name,pipeline.CreateNNModelTask.model.layers.34.config.trainable,pipeline.CreateNNModelTask.model.layers.34.config.dtype,pipeline.CreateNNModelTask.model.layers.34.config.filters,pipeline.CreateNNModelTask.model.layers.34.config.kernel_size.1,pipeline.CreateNNModelTask.model.layers.34.config.kernel_size.2,pipeline.CreateNNModelTask.model.layers.34.config.strides.1,pipeline.CreateNNModelTask.model.layers.34.config.strides.2,pipeline.CreateNNModelTask.model.layers.34.config.padding,pipeline.CreateNNModelTask.model.layers.34.config.data_format,pipeline.CreateNNModelTask.model.layers.34.config.dilation_rate.1,pipeline.CreateNNModelTask.model.layers.34.config.dilation_rate.2,pipeline.CreateNNModelTask.model.layers.34.config.groups,pipeline.CreateNNModelTask.model.layers.34.config.activation,pipeline.CreateNNModelTask.model.layers.34.config.use_bias,pipeline.CreateNNModelTask.model.layers.34.config.kernel_initializer.class_name,pipeline.CreateNNModelTask.model.layers.34.config.bias_initializer.class_name,pipeline.CreateNNModelTask.model.layers.34.name,pipeline.CreateNNModelTask.model.layers.34.inbound_nodes.1.1.1,pipeline.CreateNNModelTask.model.layers.34.inbound_nodes.1.1.2,pipeline.CreateNNModelTask.model.layers.34.inbound_nodes.1.1.3,pipeline.CreateNNModelTask.model.layers.35.class_name,pipeline.CreateNNModelTask.model.layers.35.config.name,pipeline.CreateNNModelTask.model.layers.35.config.trainable,pipeline.CreateNNModelTask.model.layers.35.config.dtype,pipeline.CreateNNModelTask.model.layers.35.config.axis,pipeline.CreateNNModelTask.model.layers.35.name,pipeline.CreateNNModelTask.model.layers.35.inbound_nodes.1.1.1,pipeline.CreateNNModelTask.model.layers.35.inbound_nodes.1.1.2,pipeline.CreateNNModelTask.model.layers.35.inbound_nodes.1.1.3,pipeline.CreateNNModelTask.model.layers.35.inbound_nodes.1.2.1,pipeline.CreateNNModelTask.model.layers.35.inbound_nodes.1.2.2,pipeline.CreateNNModelTask.model.layers.35.inbound_nodes.1.2.3,pipeline.CreateNNModelTask.model.layers.36.class_name,pipeline.CreateNNModelTask.model.layers.36.config.name,pipeline.CreateNNModelTask.model.layers.36.config.trainable,pipeline.CreateNNModelTask.model.layers.36.config.dtype,pipeline.CreateNNModelTask.model.layers.36.config.axis.1,pipeline.CreateNNModelTask.model.layers.36.config.momentum,pipeline.CreateNNModelTask.model.layers.36.config.epsilon,pipeline.CreateNNModelTask.model.layers.36.config.center,pipeline.CreateNNModelTask.model.layers.36.config.scale,pipeline.CreateNNModelTask.model.layers.36.config.beta_initializer.class_name,pipeline.CreateNNModelTask.model.layers.36.config.gamma_initializer.class_name,pipeline.CreateNNModelTask.model.layers.36.config.moving_mean_initializer.class_name,pipeline.CreateNNModelTask.model.layers.36.config.moving_variance_initializer.class_name,pipeline.CreateNNModelTask.model.layers.36.name,pipeline.CreateNNModelTask.model.layers.36.inbound_nodes.1.1.1,pipeline.CreateNNModelTask.model.layers.36.inbound_nodes.1.1.2,pipeline.CreateNNModelTask.model.layers.36.inbound_nodes.1.1.3,pipeline.CreateNNModelTask.model.layers.37.class_name,pipeline.CreateNNModelTask.model.layers.37.config.name,pipeline.CreateNNModelTask.model.layers.37.config.trainable,pipeline.CreateNNModelTask.model.layers.37.config.dtype,pipeline.CreateNNModelTask.model.layers.37.config.activation,pipeline.CreateNNModelTask.model.layers.37.name,pipeline.CreateNNModelTask.model.layers.37.inbound_nodes.1.1.1,pipeline.CreateNNModelTask.model.layers.37.inbound_nodes.1.1.2,pipeline.CreateNNModelTask.model.layers.37.inbound_nodes.1.1.3,pipeline.CreateNNModelTask.model.layers.38.class_name,pipeline.CreateNNModelTask.model.layers.38.config.name,pipeline.CreateNNModelTask.model.layers.38.config.trainable,pipeline.CreateNNModelTask.model.layers.38.config.dtype,pipeline.CreateNNModelTask.model.layers.38.config.filters,pipeline.CreateNNModelTask.model.layers.38.config.kernel_size.1,pipeline.CreateNNModelTask.model.layers.38.config.kernel_size.2,pipeline.CreateNNModelTask.model.layers.38.config.strides.1,pipeline.CreateNNModelTask.model.layers.38.config.strides.2,pipeline.CreateNNModelTask.model.layers.38.config.padding,pipeline.CreateNNModelTask.model.layers.38.config.data_format,pipeline.CreateNNModelTask.model.layers.38.config.dilation_rate.1,pipeline.CreateNNModelTask.model.layers.38.config.dilation_rate.2,pipeline.CreateNNModelTask.model.layers.38.config.groups,pipeline.CreateNNModelTask.model.layers.38.config.activation,pipeline.CreateNNModelTask.model.layers.38.config.use_bias,pipeline.CreateNNModelTask.model.layers.38.config.kernel_initializer.class_name,pipeline.CreateNNModelTask.model.layers.38.config.bias_initializer.class_name,pipeline.CreateNNModelTask.model.layers.38.name,pipeline.CreateNNModelTask.model.layers.38.inbound_nodes.1.1.1,pipeline.CreateNNModelTask.model.layers.38.inbound_nodes.1.1.2,pipeline.CreateNNModelTask.model.layers.38.inbound_nodes.1.1.3,pipeline.CreateNNModelTask.model.layers.39.class_name,pipeline.CreateNNModelTask.model.layers.39.config.name,pipeline.CreateNNModelTask.model.layers.39.config.trainable,pipeline.CreateNNModelTask.model.layers.39.config.dtype,pipeline.CreateNNModelTask.model.layers.39.config.axis.1,pipeline.CreateNNModelTask.model.layers.39.config.momentum,pipeline.CreateNNModelTask.model.layers.39.config.epsilon,pipeline.CreateNNModelTask.model.layers.39.config.center,pipeline.CreateNNModelTask.model.layers.39.config.scale,pipeline.CreateNNModelTask.model.layers.39.config.beta_initializer.class_name,pipeline.CreateNNModelTask.model.layers.39.config.gamma_initializer.class_name,pipeline.CreateNNModelTask.model.layers.39.config.moving_mean_initializer.class_name,pipeline.CreateNNModelTask.model.layers.39.config.moving_variance_initializer.class_name,pipeline.CreateNNModelTask.model.layers.39.name,pipeline.CreateNNModelTask.model.layers.39.inbound_nodes.1.1.1,pipeline.CreateNNModelTask.model.layers.39.inbound_nodes.1.1.2,pipeline.CreateNNModelTask.model.layers.39.inbound_nodes.1.1.3,pipeline.CreateNNModelTask.model.layers.40.class_name,pipeline.CreateNNModelTask.model.layers.40.config.name,pipeline.CreateNNModelTask.model.layers.40.config.trainable,pipeline.CreateNNModelTask.model.layers.40.config.dtype,pipeline.CreateNNModelTask.model.layers.40.config.activation,pipeline.CreateNNModelTask.model.layers.40.name,pipeline.CreateNNModelTask.model.layers.40.inbound_nodes.1.1.1,pipeline.CreateNNModelTask.model.layers.40.inbound_nodes.1.1.2,pipeline.CreateNNModelTask.model.layers.40.inbound_nodes.1.1.3,pipeline.CreateNNModelTask.model.layers.41.class_name,pipeline.CreateNNModelTask.model.layers.41.config.name,pipeline.CreateNNModelTask.model.layers.41.config.trainable,pipeline.CreateNNModelTask.model.layers.41.config.dtype,pipeline.CreateNNModelTask.model.layers.41.config.filters,pipeline.CreateNNModelTask.model.layers.41.config.kernel_size.1,pipeline.CreateNNModelTask.model.layers.41.config.kernel_size.2,pipeline.CreateNNModelTask.model.layers.41.config.strides.1,pipeline.CreateNNModelTask.model.layers.41.config.strides.2,pipeline.CreateNNModelTask.model.layers.41.config.padding,pipeline.CreateNNModelTask.model.layers.41.config.data_format,pipeline.CreateNNModelTask.model.layers.41.config.dilation_rate.1,pipeline.CreateNNModelTask.model.layers.41.config.dilation_rate.2,pipeline.CreateNNModelTask.model.layers.41.config.groups,pipeline.CreateNNModelTask.model.layers.41.config.activation,pipeline.CreateNNModelTask.model.layers.41.config.use_bias,pipeline.CreateNNModelTask.model.layers.41.config.kernel_initializer.class_name,pipeline.CreateNNModelTask.model.layers.41.config.bias_initializer.class_name,pipeline.CreateNNModelTask.model.layers.41.name,pipeline.CreateNNModelTask.model.layers.41.inbound_nodes.1.1.1,pipeline.CreateNNModelTask.model.layers.41.inbound_nodes.1.1.2,pipeline.CreateNNModelTask.model.layers.41.inbound_nodes.1.1.3,pipeline.CreateNNModelTask.model.layers.42.class_name,pipeline.CreateNNModelTask.model.layers.42.config.name,pipeline.CreateNNModelTask.model.layers.42.config.trainable,pipeline.CreateNNModelTask.model.layers.42.config.dtype,pipeline.CreateNNModelTask.model.layers.42.config.axis,pipeline.CreateNNModelTask.model.layers.42.name,pipeline.CreateNNModelTask.model.layers.42.inbound_nodes.1.1.1,pipeline.CreateNNModelTask.model.layers.42.inbound_nodes.1.1.2,pipeline.CreateNNModelTask.model.layers.42.inbound_nodes.1.1.3,pipeline.CreateNNModelTask.model.layers.42.inbound_nodes.1.2.1,pipeline.CreateNNModelTask.model.layers.42.inbound_nodes.1.2.2,pipeline.CreateNNModelTask.model.layers.42.inbound_nodes.1.2.3,pipeline.CreateNNModelTask.model.layers.43.class_name,pipeline.CreateNNModelTask.model.layers.43.config.name,pipeline.CreateNNModelTask.model.layers.43.config.trainable,pipeline.CreateNNModelTask.model.layers.43.config.dtype,pipeline.CreateNNModelTask.model.layers.43.config.axis.1,pipeline.CreateNNModelTask.model.layers.43.config.momentum,pipeline.CreateNNModelTask.model.layers.43.config.epsilon,pipeline.CreateNNModelTask.model.layers.43.config.center,pipeline.CreateNNModelTask.model.layers.43.config.scale,pipeline.CreateNNModelTask.model.layers.43.config.beta_initializer.class_name,pipeline.CreateNNModelTask.model.layers.43.config.gamma_initializer.class_name,pipeline.CreateNNModelTask.model.layers.43.config.moving_mean_initializer.class_name,pipeline.CreateNNModelTask.model.layers.43.config.moving_variance_initializer.class_name,pipeline.CreateNNModelTask.model.layers.43.name,pipeline.CreateNNModelTask.model.layers.43.inbound_nodes.1.1.1,pipeline.CreateNNModelTask.model.layers.43.inbound_nodes.1.1.2,pipeline.CreateNNModelTask.model.layers.43.inbound_nodes.1.1.3,pipeline.CreateNNModelTask.model.layers.44.class_name,pipeline.CreateNNModelTask.model.layers.44.config.name,pipeline.CreateNNModelTask.model.layers.44.config.trainable,pipeline.CreateNNModelTask.model.layers.44.config.dtype,pipeline.CreateNNModelTask.model.layers.44.config.activation,pipeline.CreateNNModelTask.model.layers.44.name,pipeline.CreateNNModelTask.model.layers.44.inbound_nodes.1.1.1,pipeline.CreateNNModelTask.model.layers.44.inbound_nodes.1.1.2,pipeline.CreateNNModelTask.model.layers.44.inbound_nodes.1.1.3,pipeline.CreateNNModelTask.model.layers.45.class_name,pipeline.CreateNNModelTask.model.layers.45.config.name,pipeline.CreateNNModelTask.model.layers.45.config.trainable,pipeline.CreateNNModelTask.model.layers.45.config.dtype,pipeline.CreateNNModelTask.model.layers.45.config.filters,pipeline.CreateNNModelTask.model.layers.45.config.kernel_size.1,pipeline.CreateNNModelTask.model.layers.45.config.kernel_size.2,pipeline.CreateNNModelTask.model.layers.45.config.strides.1,pipeline.CreateNNModelTask.model.layers.45.config.strides.2,pipeline.CreateNNModelTask.model.layers.45.config.padding,pipeline.CreateNNModelTask.model.layers.45.config.data_format,pipeline.CreateNNModelTask.model.layers.45.config.dilation_rate.1,pipeline.CreateNNModelTask.model.layers.45.config.dilation_rate.2,pipeline.CreateNNModelTask.model.layers.45.config.groups,pipeline.CreateNNModelTask.model.layers.45.config.activation,pipeline.CreateNNModelTask.model.layers.45.config.use_bias,pipeline.CreateNNModelTask.model.layers.45.config.kernel_initializer.class_name,pipeline.CreateNNModelTask.model.layers.45.config.bias_initializer.class_name,pipeline.CreateNNModelTask.model.layers.45.name,pipeline.CreateNNModelTask.model.layers.45.inbound_nodes.1.1.1,pipeline.CreateNNModelTask.model.layers.45.inbound_nodes.1.1.2,pipeline.CreateNNModelTask.model.layers.45.inbound_nodes.1.1.3,pipeline.CreateNNModelTask.model.layers.46.class_name,pipeline.CreateNNModelTask.model.layers.46.config.name,pipeline.CreateNNModelTask.model.layers.46.config.trainable,pipeline.CreateNNModelTask.model.layers.46.config.dtype,pipeline.CreateNNModelTask.model.layers.46.config.axis.1,pipeline.CreateNNModelTask.model.layers.46.config.momentum,pipeline.CreateNNModelTask.model.layers.46.config.epsilon,pipeline.CreateNNModelTask.model.layers.46.config.center,pipeline.CreateNNModelTask.model.layers.46.config.scale,pipeline.CreateNNModelTask.model.layers.46.config.beta_initializer.class_name,pipeline.CreateNNModelTask.model.layers.46.config.gamma_initializer.class_name,pipeline.CreateNNModelTask.model.layers.46.config.moving_mean_initializer.class_name,pipeline.CreateNNModelTask.model.layers.46.config.moving_variance_initializer.class_name,pipeline.CreateNNModelTask.model.layers.46.name,pipeline.CreateNNModelTask.model.layers.46.inbound_nodes.1.1.1,pipeline.CreateNNModelTask.model.layers.46.inbound_nodes.1.1.2,pipeline.CreateNNModelTask.model.layers.46.inbound_nodes.1.1.3,pipeline.CreateNNModelTask.model.layers.47.class_name,pipeline.CreateNNModelTask.model.layers.47.config.name,pipeline.CreateNNModelTask.model.layers.47.config.trainable,pipeline.CreateNNModelTask.model.layers.47.config.dtype,pipeline.CreateNNModelTask.model.layers.47.config.activation,pipeline.CreateNNModelTask.model.layers.47.name,pipeline.CreateNNModelTask.model.layers.47.inbound_nodes.1.1.1,pipeline.CreateNNModelTask.model.layers.47.inbound_nodes.1.1.2,pipeline.CreateNNModelTask.model.layers.47.inbound_nodes.1.1.3,pipeline.CreateNNModelTask.model.layers.48.class_name,pipeline.CreateNNModelTask.model.layers.48.config.name,pipeline.CreateNNModelTask.model.layers.48.config.trainable,pipeline.CreateNNModelTask.model.layers.48.config.dtype,pipeline.CreateNNModelTask.model.layers.48.config.filters,pipeline.CreateNNModelTask.model.layers.48.config.kernel_size.1,pipeline.CreateNNModelTask.model.layers.48.config.kernel_size.2,pipeline.CreateNNModelTask.model.layers.48.config.strides.1,pipeline.CreateNNModelTask.model.layers.48.config.strides.2,pipeline.CreateNNModelTask.model.layers.48.config.padding,pipeline.CreateNNModelTask.model.layers.48.config.data_format,pipeline.CreateNNModelTask.model.layers.48.config.dilation_rate.1,pipeline.CreateNNModelTask.model.layers.48.config.dilation_rate.2,pipeline.CreateNNModelTask.model.layers.48.config.groups,pipeline.CreateNNModelTask.model.layers.48.config.activation,pipeline.CreateNNModelTask.model.layers.48.config.use_bias,pipeline.CreateNNModelTask.model.layers.48.config.kernel_initializer.class_name,pipeline.CreateNNModelTask.model.layers.48.config.bias_initializer.class_name,pipeline.CreateNNModelTask.model.layers.48.name,pipeline.CreateNNModelTask.model.layers.48.inbound_nodes.1.1.1,pipeline.CreateNNModelTask.model.layers.48.inbound_nodes.1.1.2,pipeline.CreateNNModelTask.model.layers.48.inbound_nodes.1.1.3,pipeline.CreateNNModelTask.model.layers.49.class_name,pipeline.CreateNNModelTask.model.layers.49.config.name,pipeline.CreateNNModelTask.model.layers.49.config.trainable,pipeline.CreateNNModelTask.model.layers.49.config.dtype,pipeline.CreateNNModelTask.model.layers.49.config.axis,pipeline.CreateNNModelTask.model.layers.49.name,pipeline.CreateNNModelTask.model.layers.49.inbound_nodes.1.1.1,pipeline.CreateNNModelTask.model.layers.49.inbound_nodes.1.1.2,pipeline.CreateNNModelTask.model.layers.49.inbound_nodes.1.1.3,pipeline.CreateNNModelTask.model.layers.49.inbound_nodes.1.2.1,pipeline.CreateNNModelTask.model.layers.49.inbound_nodes.1.2.2,pipeline.CreateNNModelTask.model.layers.49.inbound_nodes.1.2.3,pipeline.CreateNNModelTask.model.layers.50.class_name,pipeline.CreateNNModelTask.model.layers.50.config.name,pipeline.CreateNNModelTask.model.layers.50.config.trainable,pipeline.CreateNNModelTask.model.layers.50.config.dtype,pipeline.CreateNNModelTask.model.layers.50.config.axis.1,pipeline.CreateNNModelTask.model.layers.50.config.momentum,pipeline.CreateNNModelTask.model.layers.50.config.epsilon,pipeline.CreateNNModelTask.model.layers.50.config.center,pipeline.CreateNNModelTask.model.layers.50.config.scale,pipeline.CreateNNModelTask.model.layers.50.config.beta_initializer.class_name,pipeline.CreateNNModelTask.model.layers.50.config.gamma_initializer.class_name,pipeline.CreateNNModelTask.model.layers.50.config.moving_mean_initializer.class_name,pipeline.CreateNNModelTask.model.layers.50.config.moving_variance_initializer.class_name,pipeline.CreateNNModelTask.model.layers.50.name,pipeline.CreateNNModelTask.model.layers.50.inbound_nodes.1.1.1,pipeline.CreateNNModelTask.model.layers.50.inbound_nodes.1.1.2,pipeline.CreateNNModelTask.model.layers.50.inbound_nodes.1.1.3,pipeline.CreateNNModelTask.model.layers.51.class_name,pipeline.CreateNNModelTask.model.layers.51.config.name,pipeline.CreateNNModelTask.model.layers.51.config.trainable,pipeline.CreateNNModelTask.model.layers.51.config.dtype,pipeline.CreateNNModelTask.model.layers.51.config.activation,pipeline.CreateNNModelTask.model.layers.51.name,pipeline.CreateNNModelTask.model.layers.51.inbound_nodes.1.1.1,pipeline.CreateNNModelTask.model.layers.51.inbound_nodes.1.1.2,pipeline.CreateNNModelTask.model.layers.51.inbound_nodes.1.1.3,pipeline.CreateNNModelTask.model.layers.52.class_name,pipeline.CreateNNModelTask.model.layers.52.config.name,pipeline.CreateNNModelTask.model.layers.52.config.trainable,pipeline.CreateNNModelTask.model.layers.52.config.dtype,pipeline.CreateNNModelTask.model.layers.52.config.filters,pipeline.CreateNNModelTask.model.layers.52.config.kernel_size.1,pipeline.CreateNNModelTask.model.layers.52.config.kernel_size.2,pipeline.CreateNNModelTask.model.layers.52.config.strides.1,pipeline.CreateNNModelTask.model.layers.52.config.strides.2,pipeline.CreateNNModelTask.model.layers.52.config.padding,pipeline.CreateNNModelTask.model.layers.52.config.data_format,pipeline.CreateNNModelTask.model.layers.52.config.dilation_rate.1,pipeline.CreateNNModelTask.model.layers.52.config.dilation_rate.2,pipeline.CreateNNModelTask.model.layers.52.config.groups,pipeline.CreateNNModelTask.model.layers.52.config.activation,pipeline.CreateNNModelTask.model.layers.52.config.use_bias,pipeline.CreateNNModelTask.model.layers.52.config.kernel_initializer.class_name,pipeline.CreateNNModelTask.model.layers.52.config.bias_initializer.class_name,pipeline.CreateNNModelTask.model.layers.52.name,pipeline.CreateNNModelTask.model.layers.52.inbound_nodes.1.1.1,pipeline.CreateNNModelTask.model.layers.52.inbound_nodes.1.1.2,pipeline.CreateNNModelTask.model.layers.52.inbound_nodes.1.1.3,pipeline.CreateNNModelTask.model.layers.53.class_name,pipeline.CreateNNModelTask.model.layers.53.config.name,pipeline.CreateNNModelTask.model.layers.53.config.trainable,pipeline.CreateNNModelTask.model.layers.53.config.dtype,pipeline.CreateNNModelTask.model.layers.53.config.pool_size.1,pipeline.CreateNNModelTask.model.layers.53.config.pool_size.2,pipeline.CreateNNModelTask.model.layers.53.config.padding,pipeline.CreateNNModelTask.model.layers.53.config.strides.1,pipeline.CreateNNModelTask.model.layers.53.config.strides.2,pipeline.CreateNNModelTask.model.layers.53.config.data_format,pipeline.CreateNNModelTask.model.layers.53.name,pipeline.CreateNNModelTask.model.layers.53.inbound_nodes.1.1.1,pipeline.CreateNNModelTask.model.layers.53.inbound_nodes.1.1.2,pipeline.CreateNNModelTask.model.layers.53.inbound_nodes.1.1.3,pipeline.CreateNNModelTask.model.layers.54.class_name,pipeline.CreateNNModelTask.model.layers.54.config.name,pipeline.CreateNNModelTask.model.layers.54.config.trainable,pipeline.CreateNNModelTask.model.layers.54.config.dtype,pipeline.CreateNNModelTask.model.layers.54.config.axis.1,pipeline.CreateNNModelTask.model.layers.54.config.momentum,pipeline.CreateNNModelTask.model.layers.54.config.epsilon,pipeline.CreateNNModelTask.model.layers.54.config.center,pipeline.CreateNNModelTask.model.layers.54.config.scale,pipeline.CreateNNModelTask.model.layers.54.config.beta_initializer.class_name,pipeline.CreateNNModelTask.model.layers.54.config.gamma_initializer.class_name,pipeline.CreateNNModelTask.model.layers.54.config.moving_mean_initializer.class_name,pipeline.CreateNNModelTask.model.layers.54.config.moving_variance_initializer.class_name,pipeline.CreateNNModelTask.model.layers.54.name,pipeline.CreateNNModelTask.model.layers.54.inbound_nodes.1.1.1,pipeline.CreateNNModelTask.model.layers.54.inbound_nodes.1.1.2,pipeline.CreateNNModelTask.model.layers.54.inbound_nodes.1.1.3,pipeline.CreateNNModelTask.model.layers.55.class_name,pipeline.CreateNNModelTask.model.layers.55.config.name,pipeline.CreateNNModelTask.model.layers.55.config.trainable,pipeline.CreateNNModelTask.model.layers.55.config.dtype,pipeline.CreateNNModelTask.model.layers.55.config.activation,pipeline.CreateNNModelTask.model.layers.55.name,pipeline.CreateNNModelTask.model.layers.55.inbound_nodes.1.1.1,pipeline.CreateNNModelTask.model.layers.55.inbound_nodes.1.1.2,pipeline.CreateNNModelTask.model.layers.55.inbound_nodes.1.1.3,pipeline.CreateNNModelTask.model.layers.56.class_name,pipeline.CreateNNModelTask.model.layers.56.config.name,pipeline.CreateNNModelTask.model.layers.56.config.trainable,pipeline.CreateNNModelTask.model.layers.56.config.dtype,pipeline.CreateNNModelTask.model.layers.56.config.filters,pipeline.CreateNNModelTask.model.layers.56.config.kernel_size.1,pipeline.CreateNNModelTask.model.layers.56.config.kernel_size.2,pipeline.CreateNNModelTask.model.layers.56.config.strides.1,pipeline.CreateNNModelTask.model.layers.56.config.strides.2,pipeline.CreateNNModelTask.model.layers.56.config.padding,pipeline.CreateNNModelTask.model.layers.56.config.data_format,pipeline.CreateNNModelTask.model.layers.56.config.dilation_rate.1,pipeline.CreateNNModelTask.model.layers.56.config.dilation_rate.2,pipeline.CreateNNModelTask.model.layers.56.config.groups,pipeline.CreateNNModelTask.model.layers.56.config.activation,pipeline.CreateNNModelTask.model.layers.56.config.use_bias,pipeline.CreateNNModelTask.model.layers.56.config.kernel_initializer.class_name,pipeline.CreateNNModelTask.model.layers.56.config.bias_initializer.class_name,pipeline.CreateNNModelTask.model.layers.56.name,pipeline.CreateNNModelTask.model.layers.56.inbound_nodes.1.1.1,pipeline.CreateNNModelTask.model.layers.56.inbound_nodes.1.1.2,pipeline.CreateNNModelTask.model.layers.56.inbound_nodes.1.1.3,pipeline.CreateNNModelTask.model.layers.57.class_name,pipeline.CreateNNModelTask.model.layers.57.config.name,pipeline.CreateNNModelTask.model.layers.57.config.trainable,pipeline.CreateNNModelTask.model.layers.57.config.dtype,pipeline.CreateNNModelTask.model.layers.57.config.axis.1,pipeline.CreateNNModelTask.model.layers.57.config.momentum,pipeline.CreateNNModelTask.model.layers.57.config.epsilon,pipeline.CreateNNModelTask.model.layers.57.config.center,pipeline.CreateNNModelTask.model.layers.57.config.scale,pipeline.CreateNNModelTask.model.layers.57.config.beta_initializer.class_name,pipeline.CreateNNModelTask.model.layers.57.config.gamma_initializer.class_name,pipeline.CreateNNModelTask.model.layers.57.config.moving_mean_initializer.class_name,pipeline.CreateNNModelTask.model.layers.57.config.moving_variance_initializer.class_name,pipeline.CreateNNModelTask.model.layers.57.name,pipeline.CreateNNModelTask.model.layers.57.inbound_nodes.1.1.1,pipeline.CreateNNModelTask.model.layers.57.inbound_nodes.1.1.2,pipeline.CreateNNModelTask.model.layers.57.inbound_nodes.1.1.3,pipeline.CreateNNModelTask.model.layers.58.class_name,pipeline.CreateNNModelTask.model.layers.58.config.name,pipeline.CreateNNModelTask.model.layers.58.config.trainable,pipeline.CreateNNModelTask.model.layers.58.config.dtype,pipeline.CreateNNModelTask.model.layers.58.config.activation,pipeline.CreateNNModelTask.model.layers.58.name,pipeline.CreateNNModelTask.model.layers.58.inbound_nodes.1.1.1,pipeline.CreateNNModelTask.model.layers.58.inbound_nodes.1.1.2,pipeline.CreateNNModelTask.model.layers.58.inbound_nodes.1.1.3,pipeline.CreateNNModelTask.model.layers.59.class_name,pipeline.CreateNNModelTask.model.layers.59.config.name,pipeline.CreateNNModelTask.model.layers.59.config.trainable,pipeline.CreateNNModelTask.model.layers.59.config.dtype,pipeline.CreateNNModelTask.model.layers.59.config.filters,pipeline.CreateNNModelTask.model.layers.59.config.kernel_size.1,pipeline.CreateNNModelTask.model.layers.59.config.kernel_size.2,pipeline.CreateNNModelTask.model.layers.59.config.strides.1,pipeline.CreateNNModelTask.model.layers.59.config.strides.2,pipeline.CreateNNModelTask.model.layers.59.config.padding,pipeline.CreateNNModelTask.model.layers.59.config.data_format,pipeline.CreateNNModelTask.model.layers.59.config.dilation_rate.1,pipeline.CreateNNModelTask.model.layers.59.config.dilation_rate.2,pipeline.CreateNNModelTask.model.layers.59.config.groups,pipeline.CreateNNModelTask.model.layers.59.config.activation,pipeline.CreateNNModelTask.model.layers.59.config.use_bias,pipeline.CreateNNModelTask.model.layers.59.config.kernel_initializer.class_name,pipeline.CreateNNModelTask.model.layers.59.config.bias_initializer.class_name,pipeline.CreateNNModelTask.model.layers.59.name,pipeline.CreateNNModelTask.model.layers.59.inbound_nodes.1.1.1,pipeline.CreateNNModelTask.model.layers.59.inbound_nodes.1.1.2,pipeline.CreateNNModelTask.model.layers.59.inbound_nodes.1.1.3,pipeline.CreateNNModelTask.model.layers.60.class_name,pipeline.CreateNNModelTask.model.layers.60.config.name,pipeline.CreateNNModelTask.model.layers.60.config.trainable,pipeline.CreateNNModelTask.model.layers.60.config.dtype,pipeline.CreateNNModelTask.model.layers.60.config.axis,pipeline.CreateNNModelTask.model.layers.60.name,pipeline.CreateNNModelTask.model.layers.60.inbound_nodes.1.1.1,pipeline.CreateNNModelTask.model.layers.60.inbound_nodes.1.1.2,pipeline.CreateNNModelTask.model.layers.60.inbound_nodes.1.1.3,pipeline.CreateNNModelTask.model.layers.60.inbound_nodes.1.2.1,pipeline.CreateNNModelTask.model.layers.60.inbound_nodes.1.2.2,pipeline.CreateNNModelTask.model.layers.60.inbound_nodes.1.2.3,pipeline.CreateNNModelTask.model.layers.61.class_name,pipeline.CreateNNModelTask.model.layers.61.config.name,pipeline.CreateNNModelTask.model.layers.61.config.trainable,pipeline.CreateNNModelTask.model.layers.61.config.dtype,pipeline.CreateNNModelTask.model.layers.61.config.axis.1,pipeline.CreateNNModelTask.model.layers.61.config.momentum,pipeline.CreateNNModelTask.model.layers.61.config.epsilon,pipeline.CreateNNModelTask.model.layers.61.config.center,pipeline.CreateNNModelTask.model.layers.61.config.scale,pipeline.CreateNNModelTask.model.layers.61.config.beta_initializer.class_name,pipeline.CreateNNModelTask.model.layers.61.config.gamma_initializer.class_name,pipeline.CreateNNModelTask.model.layers.61.config.moving_mean_initializer.class_name,pipeline.CreateNNModelTask.model.layers.61.config.moving_variance_initializer.class_name,pipeline.CreateNNModelTask.model.layers.61.name,pipeline.CreateNNModelTask.model.layers.61.inbound_nodes.1.1.1,pipeline.CreateNNModelTask.model.layers.61.inbound_nodes.1.1.2,pipeline.CreateNNModelTask.model.layers.61.inbound_nodes.1.1.3,pipeline.CreateNNModelTask.model.layers.62.class_name,pipeline.CreateNNModelTask.model.layers.62.config.name,pipeline.CreateNNModelTask.model.layers.62.config.trainable,pipeline.CreateNNModelTask.model.layers.62.config.dtype,pipeline.CreateNNModelTask.model.layers.62.config.activation,pipeline.CreateNNModelTask.model.layers.62.name,pipeline.CreateNNModelTask.model.layers.62.inbound_nodes.1.1.1,pipeline.CreateNNModelTask.model.layers.62.inbound_nodes.1.1.2,pipeline.CreateNNModelTask.model.layers.62.inbound_nodes.1.1.3,pipeline.CreateNNModelTask.model.layers.63.class_name,pipeline.CreateNNModelTask.model.layers.63.config.name,pipeline.CreateNNModelTask.model.layers.63.config.trainable,pipeline.CreateNNModelTask.model.layers.63.config.dtype,pipeline.CreateNNModelTask.model.layers.63.config.filters,pipeline.CreateNNModelTask.model.layers.63.config.kernel_size.1,pipeline.CreateNNModelTask.model.layers.63.config.kernel_size.2,pipeline.CreateNNModelTask.model.layers.63.config.strides.1,pipeline.CreateNNModelTask.model.layers.63.config.strides.2,pipeline.CreateNNModelTask.model.layers.63.config.padding,pipeline.CreateNNModelTask.model.layers.63.config.data_format,pipeline.CreateNNModelTask.model.layers.63.config.dilation_rate.1,pipeline.CreateNNModelTask.model.layers.63.config.dilation_rate.2,pipeline.CreateNNModelTask.model.layers.63.config.groups,pipeline.CreateNNModelTask.model.layers.63.config.activation,pipeline.CreateNNModelTask.model.layers.63.config.use_bias,pipeline.CreateNNModelTask.model.layers.63.config.kernel_initializer.class_name,pipeline.CreateNNModelTask.model.layers.63.config.bias_initializer.class_name,pipeline.CreateNNModelTask.model.layers.63.name,pipeline.CreateNNModelTask.model.layers.63.inbound_nodes.1.1.1,pipeline.CreateNNModelTask.model.layers.63.inbound_nodes.1.1.2,pipeline.CreateNNModelTask.model.layers.63.inbound_nodes.1.1.3,pipeline.CreateNNModelTask.model.layers.64.class_name,pipeline.CreateNNModelTask.model.layers.64.config.name,pipeline.CreateNNModelTask.model.layers.64.config.trainable,pipeline.CreateNNModelTask.model.layers.64.config.dtype,pipeline.CreateNNModelTask.model.layers.64.config.axis.1,pipeline.CreateNNModelTask.model.layers.64.config.momentum,pipeline.CreateNNModelTask.model.layers.64.config.epsilon,pipeline.CreateNNModelTask.model.layers.64.config.center,pipeline.CreateNNModelTask.model.layers.64.config.scale,pipeline.CreateNNModelTask.model.layers.64.config.beta_initializer.class_name,pipeline.CreateNNModelTask.model.layers.64.config.gamma_initializer.class_name,pipeline.CreateNNModelTask.model.layers.64.config.moving_mean_initializer.class_name,pipeline.CreateNNModelTask.model.layers.64.config.moving_variance_initializer.class_name,pipeline.CreateNNModelTask.model.layers.64.name,pipeline.CreateNNModelTask.model.layers.64.inbound_nodes.1.1.1,pipeline.CreateNNModelTask.model.layers.64.inbound_nodes.1.1.2,pipeline.CreateNNModelTask.model.layers.64.inbound_nodes.1.1.3,pipeline.CreateNNModelTask.model.layers.65.class_name,pipeline.CreateNNModelTask.model.layers.65.config.name,pipeline.CreateNNModelTask.model.layers.65.config.trainable,pipeline.CreateNNModelTask.model.layers.65.config.dtype,pipeline.CreateNNModelTask.model.layers.65.config.activation,pipeline.CreateNNModelTask.model.layers.65.name,pipeline.CreateNNModelTask.model.layers.65.inbound_nodes.1.1.1,pipeline.CreateNNModelTask.model.layers.65.inbound_nodes.1.1.2,pipeline.CreateNNModelTask.model.layers.65.inbound_nodes.1.1.3,pipeline.CreateNNModelTask.model.layers.66.class_name,pipeline.CreateNNModelTask.model.layers.66.config.name,pipeline.CreateNNModelTask.model.layers.66.config.trainable,pipeline.CreateNNModelTask.model.layers.66.config.dtype,pipeline.CreateNNModelTask.model.layers.66.config.filters,pipeline.CreateNNModelTask.model.layers.66.config.kernel_size.1,pipeline.CreateNNModelTask.model.layers.66.config.kernel_size.2,pipeline.CreateNNModelTask.model.layers.66.config.strides.1,pipeline.CreateNNModelTask.model.layers.66.config.strides.2,pipeline.CreateNNModelTask.model.layers.66.config.padding,pipeline.CreateNNModelTask.model.layers.66.config.data_format,pipeline.CreateNNModelTask.model.layers.66.config.dilation_rate.1,pipeline.CreateNNModelTask.model.layers.66.config.dilation_rate.2,pipeline.CreateNNModelTask.model.layers.66.config.groups,pipeline.CreateNNModelTask.model.layers.66.config.activation,pipeline.CreateNNModelTask.model.layers.66.config.use_bias,pipeline.CreateNNModelTask.model.layers.66.config.kernel_initializer.class_name,pipeline.CreateNNModelTask.model.layers.66.config.bias_initializer.class_name,pipeline.CreateNNModelTask.model.layers.66.name,pipeline.CreateNNModelTask.model.layers.66.inbound_nodes.1.1.1,pipeline.CreateNNModelTask.model.layers.66.inbound_nodes.1.1.2,pipeline.CreateNNModelTask.model.layers.66.inbound_nodes.1.1.3,pipeline.CreateNNModelTask.model.layers.67.class_name,pipeline.CreateNNModelTask.model.layers.67.config.name,pipeline.CreateNNModelTask.model.layers.67.config.trainable,pipeline.CreateNNModelTask.model.layers.67.config.dtype,pipeline.CreateNNModelTask.model.layers.67.config.axis,pipeline.CreateNNModelTask.model.layers.67.name,pipeline.CreateNNModelTask.model.layers.67.inbound_nodes.1.1.1,pipeline.CreateNNModelTask.model.layers.67.inbound_nodes.1.1.2,pipeline.CreateNNModelTask.model.layers.67.inbound_nodes.1.1.3,pipeline.CreateNNModelTask.model.layers.67.inbound_nodes.1.2.1,pipeline.CreateNNModelTask.model.layers.67.inbound_nodes.1.2.2,pipeline.CreateNNModelTask.model.layers.67.inbound_nodes.1.2.3,pipeline.CreateNNModelTask.model.layers.68.class_name,pipeline.CreateNNModelTask.model.layers.68.config.name,pipeline.CreateNNModelTask.model.layers.68.config.trainable,pipeline.CreateNNModelTask.model.layers.68.config.dtype,pipeline.CreateNNModelTask.model.layers.68.config.axis.1,pipeline.CreateNNModelTask.model.layers.68.config.momentum,pipeline.CreateNNModelTask.model.layers.68.config.epsilon,pipeline.CreateNNModelTask.model.layers.68.config.center,pipeline.CreateNNModelTask.model.layers.68.config.scale,pipeline.CreateNNModelTask.model.layers.68.config.beta_initializer.class_name,pipeline.CreateNNModelTask.model.layers.68.config.gamma_initializer.class_name,pipeline.CreateNNModelTask.model.layers.68.config.moving_mean_initializer.class_name,pipeline.CreateNNModelTask.model.layers.68.config.moving_variance_initializer.class_name,pipeline.CreateNNModelTask.model.layers.68.name,pipeline.CreateNNModelTask.model.layers.68.inbound_nodes.1.1.1,pipeline.CreateNNModelTask.model.layers.68.inbound_nodes.1.1.2,pipeline.CreateNNModelTask.model.layers.68.inbound_nodes.1.1.3,pipeline.CreateNNModelTask.model.layers.69.class_name,pipeline.CreateNNModelTask.model.layers.69.config.name,pipeline.CreateNNModelTask.model.layers.69.config.trainable,pipeline.CreateNNModelTask.model.layers.69.config.dtype,pipeline.CreateNNModelTask.model.layers.69.config.activation,pipeline.CreateNNModelTask.model.layers.69.name,pipeline.CreateNNModelTask.model.layers.69.inbound_nodes.1.1.1,pipeline.CreateNNModelTask.model.layers.69.inbound_nodes.1.1.2,pipeline.CreateNNModelTask.model.layers.69.inbound_nodes.1.1.3,pipeline.CreateNNModelTask.model.layers.70.class_name,pipeline.CreateNNModelTask.model.layers.70.config.name,pipeline.CreateNNModelTask.model.layers.70.config.trainable,pipeline.CreateNNModelTask.model.layers.70.config.dtype,pipeline.CreateNNModelTask.model.layers.70.config.filters,pipeline.CreateNNModelTask.model.layers.70.config.kernel_size.1,pipeline.CreateNNModelTask.model.layers.70.config.kernel_size.2,pipeline.CreateNNModelTask.model.layers.70.config.strides.1,pipeline.CreateNNModelTask.model.layers.70.config.strides.2,pipeline.CreateNNModelTask.model.layers.70.config.padding,pipeline.CreateNNModelTask.model.layers.70.config.data_format,pipeline.CreateNNModelTask.model.layers.70.config.dilation_rate.1,pipeline.CreateNNModelTask.model.layers.70.config.dilation_rate.2,pipeline.CreateNNModelTask.model.layers.70.config.groups,pipeline.CreateNNModelTask.model.layers.70.config.activation,pipeline.CreateNNModelTask.model.layers.70.config.use_bias,pipeline.CreateNNModelTask.model.layers.70.config.kernel_initializer.class_name,pipeline.CreateNNModelTask.model.layers.70.config.bias_initializer.class_name,pipeline.CreateNNModelTask.model.layers.70.name,pipeline.CreateNNModelTask.model.layers.70.inbound_nodes.1.1.1,pipeline.CreateNNModelTask.model.layers.70.inbound_nodes.1.1.2,pipeline.CreateNNModelTask.model.layers.70.inbound_nodes.1.1.3,pipeline.CreateNNModelTask.model.layers.71.class_name,pipeline.CreateNNModelTask.model.layers.71.config.name,pipeline.CreateNNModelTask.model.layers.71.config.trainable,pipeline.CreateNNModelTask.model.layers.71.config.dtype,pipeline.CreateNNModelTask.model.layers.71.config.axis.1,pipeline.CreateNNModelTask.model.layers.71.config.momentum,pipeline.CreateNNModelTask.model.layers.71.config.epsilon,pipeline.CreateNNModelTask.model.layers.71.config.center,pipeline.CreateNNModelTask.model.layers.71.config.scale,pipeline.CreateNNModelTask.model.layers.71.config.beta_initializer.class_name,pipeline.CreateNNModelTask.model.layers.71.config.gamma_initializer.class_name,pipeline.CreateNNModelTask.model.layers.71.config.moving_mean_initializer.class_name,pipeline.CreateNNModelTask.model.layers.71.config.moving_variance_initializer.class_name,pipeline.CreateNNModelTask.model.layers.71.name,pipeline.CreateNNModelTask.model.layers.71.inbound_nodes.1.1.1,pipeline.CreateNNModelTask.model.layers.71.inbound_nodes.1.1.2,pipeline.CreateNNModelTask.model.layers.71.inbound_nodes.1.1.3,pipeline.CreateNNModelTask.model.layers.72.class_name,pipeline.CreateNNModelTask.model.layers.72.config.name,pipeline.CreateNNModelTask.model.layers.72.config.trainable,pipeline.CreateNNModelTask.model.layers.72.config.dtype,pipeline.CreateNNModelTask.model.layers.72.config.activation,pipeline.CreateNNModelTask.model.layers.72.name,pipeline.CreateNNModelTask.model.layers.72.inbound_nodes.1.1.1,pipeline.CreateNNModelTask.model.layers.72.inbound_nodes.1.1.2,pipeline.CreateNNModelTask.model.layers.72.inbound_nodes.1.1.3,pipeline.CreateNNModelTask.model.layers.73.class_name,pipeline.CreateNNModelTask.model.layers.73.config.name,pipeline.CreateNNModelTask.model.layers.73.config.trainable,pipeline.CreateNNModelTask.model.layers.73.config.dtype,pipeline.CreateNNModelTask.model.layers.73.config.filters,pipeline.CreateNNModelTask.model.layers.73.config.kernel_size.1,pipeline.CreateNNModelTask.model.layers.73.config.kernel_size.2,pipeline.CreateNNModelTask.model.layers.73.config.strides.1,pipeline.CreateNNModelTask.model.layers.73.config.strides.2,pipeline.CreateNNModelTask.model.layers.73.config.padding,pipeline.CreateNNModelTask.model.layers.73.config.data_format,pipeline.CreateNNModelTask.model.layers.73.config.dilation_rate.1,pipeline.CreateNNModelTask.model.layers.73.config.dilation_rate.2,pipeline.CreateNNModelTask.model.layers.73.config.groups,pipeline.CreateNNModelTask.model.layers.73.config.activation,pipeline.CreateNNModelTask.model.layers.73.config.use_bias,pipeline.CreateNNModelTask.model.layers.73.config.kernel_initializer.class_name,pipeline.CreateNNModelTask.model.layers.73.config.bias_initializer.class_name,pipeline.CreateNNModelTask.model.layers.73.name,pipeline.CreateNNModelTask.model.layers.73.inbound_nodes.1.1.1,pipeline.CreateNNModelTask.model.layers.73.inbound_nodes.1.1.2,pipeline.CreateNNModelTask.model.layers.73.inbound_nodes.1.1.3,pipeline.CreateNNModelTask.model.layers.74.class_name,pipeline.CreateNNModelTask.model.layers.74.config.name,pipeline.CreateNNModelTask.model.layers.74.config.trainable,pipeline.CreateNNModelTask.model.layers.74.config.dtype,pipeline.CreateNNModelTask.model.layers.74.config.axis,pipeline.CreateNNModelTask.model.layers.74.name,pipeline.CreateNNModelTask.model.layers.74.inbound_nodes.1.1.1,pipeline.CreateNNModelTask.model.layers.74.inbound_nodes.1.1.2,pipeline.CreateNNModelTask.model.layers.74.inbound_nodes.1.1.3,pipeline.CreateNNModelTask.model.layers.74.inbound_nodes.1.2.1,pipeline.CreateNNModelTask.model.layers.74.inbound_nodes.1.2.2,pipeline.CreateNNModelTask.model.layers.74.inbound_nodes.1.2.3,pipeline.CreateNNModelTask.model.layers.75.class_name,pipeline.CreateNNModelTask.model.layers.75.config.name,pipeline.CreateNNModelTask.model.layers.75.config.trainable,pipeline.CreateNNModelTask.model.layers.75.config.dtype,pipeline.CreateNNModelTask.model.layers.75.config.axis.1,pipeline.CreateNNModelTask.model.layers.75.config.momentum,pipeline.CreateNNModelTask.model.layers.75.config.epsilon,pipeline.CreateNNModelTask.model.layers.75.config.center,pipeline.CreateNNModelTask.model.layers.75.config.scale,pipeline.CreateNNModelTask.model.layers.75.config.beta_initializer.class_name,pipeline.CreateNNModelTask.model.layers.75.config.gamma_initializer.class_name,pipeline.CreateNNModelTask.model.layers.75.config.moving_mean_initializer.class_name,pipeline.CreateNNModelTask.model.layers.75.config.moving_variance_initializer.class_name,pipeline.CreateNNModelTask.model.layers.75.name,pipeline.CreateNNModelTask.model.layers.75.inbound_nodes.1.1.1,pipeline.CreateNNModelTask.model.layers.75.inbound_nodes.1.1.2,pipeline.CreateNNModelTask.model.layers.75.inbound_nodes.1.1.3,pipeline.CreateNNModelTask.model.layers.76.class_name,pipeline.CreateNNModelTask.model.layers.76.config.name,pipeline.CreateNNModelTask.model.layers.76.config.trainable,pipeline.CreateNNModelTask.model.layers.76.config.dtype,pipeline.CreateNNModelTask.model.layers.76.config.activation,pipeline.CreateNNModelTask.model.layers.76.name,pipeline.CreateNNModelTask.model.layers.76.inbound_nodes.1.1.1,pipeline.CreateNNModelTask.model.layers.76.inbound_nodes.1.1.2,pipeline.CreateNNModelTask.model.layers.76.inbound_nodes.1.1.3,pipeline.CreateNNModelTask.model.layers.77.class_name,pipeline.CreateNNModelTask.model.layers.77.config.name,pipeline.CreateNNModelTask.model.layers.77.config.trainable,pipeline.CreateNNModelTask.model.layers.77.config.dtype,pipeline.CreateNNModelTask.model.layers.77.config.filters,pipeline.CreateNNModelTask.model.layers.77.config.kernel_size.1,pipeline.CreateNNModelTask.model.layers.77.config.kernel_size.2,pipeline.CreateNNModelTask.model.layers.77.config.strides.1,pipeline.CreateNNModelTask.model.layers.77.config.strides.2,pipeline.CreateNNModelTask.model.layers.77.config.padding,pipeline.CreateNNModelTask.model.layers.77.config.data_format,pipeline.CreateNNModelTask.model.layers.77.config.dilation_rate.1,pipeline.CreateNNModelTask.model.layers.77.config.dilation_rate.2,pipeline.CreateNNModelTask.model.layers.77.config.groups,pipeline.CreateNNModelTask.model.layers.77.config.activation,pipeline.CreateNNModelTask.model.layers.77.config.use_bias,pipeline.CreateNNModelTask.model.layers.77.config.kernel_initializer.class_name,pipeline.CreateNNModelTask.model.layers.77.config.bias_initializer.class_name,pipeline.CreateNNModelTask.model.layers.77.name,pipeline.CreateNNModelTask.model.layers.77.inbound_nodes.1.1.1,pipeline.CreateNNModelTask.model.layers.77.inbound_nodes.1.1.2,pipeline.CreateNNModelTask.model.layers.77.inbound_nodes.1.1.3,pipeline.CreateNNModelTask.model.layers.78.class_name,pipeline.CreateNNModelTask.model.layers.78.config.name,pipeline.CreateNNModelTask.model.layers.78.config.trainable,pipeline.CreateNNModelTask.model.layers.78.config.dtype,pipeline.CreateNNModelTask.model.layers.78.config.axis.1,pipeline.CreateNNModelTask.model.layers.78.config.momentum,pipeline.CreateNNModelTask.model.layers.78.config.epsilon,pipeline.CreateNNModelTask.model.layers.78.config.center,pipeline.CreateNNModelTask.model.layers.78.config.scale,pipeline.CreateNNModelTask.model.layers.78.config.beta_initializer.class_name,pipeline.CreateNNModelTask.model.layers.78.config.gamma_initializer.class_name,pipeline.CreateNNModelTask.model.layers.78.config.moving_mean_initializer.class_name,pipeline.CreateNNModelTask.model.layers.78.config.moving_variance_initializer.class_name,pipeline.CreateNNModelTask.model.layers.78.name,pipeline.CreateNNModelTask.model.layers.78.inbound_nodes.1.1.1,pipeline.CreateNNModelTask.model.layers.78.inbound_nodes.1.1.2,pipeline.CreateNNModelTask.model.layers.78.inbound_nodes.1.1.3,pipeline.CreateNNModelTask.model.layers.79.class_name,pipeline.CreateNNModelTask.model.layers.79.config.name,pipeline.CreateNNModelTask.model.layers.79.config.trainable,pipeline.CreateNNModelTask.model.layers.79.config.dtype,pipeline.CreateNNModelTask.model.layers.79.config.activation,pipeline.CreateNNModelTask.model.layers.79.name,pipeline.CreateNNModelTask.model.layers.79.inbound_nodes.1.1.1,pipeline.CreateNNModelTask.model.layers.79.inbound_nodes.1.1.2,pipeline.CreateNNModelTask.model.layers.79.inbound_nodes.1.1.3,pipeline.CreateNNModelTask.model.layers.80.class_name,pipeline.CreateNNModelTask.model.layers.80.config.name,pipeline.CreateNNModelTask.model.layers.80.config.trainable,pipeline.CreateNNModelTask.model.layers.80.config.dtype,pipeline.CreateNNModelTask.model.layers.80.config.filters,pipeline.CreateNNModelTask.model.layers.80.config.kernel_size.1,pipeline.CreateNNModelTask.model.layers.80.config.kernel_size.2,pipeline.CreateNNModelTask.model.layers.80.config.strides.1,pipeline.CreateNNModelTask.model.layers.80.config.strides.2,pipeline.CreateNNModelTask.model.layers.80.config.padding,pipeline.CreateNNModelTask.model.layers.80.config.data_format,pipeline.CreateNNModelTask.model.layers.80.config.dilation_rate.1,pipeline.CreateNNModelTask.model.layers.80.config.dilation_rate.2,pipeline.CreateNNModelTask.model.layers.80.config.groups,pipeline.CreateNNModelTask.model.layers.80.config.activation,pipeline.CreateNNModelTask.model.layers.80.config.use_bias,pipeline.CreateNNModelTask.model.layers.80.config.kernel_initializer.class_name,pipeline.CreateNNModelTask.model.layers.80.config.bias_initializer.class_name,pipeline.CreateNNModelTask.model.layers.80.name,pipeline.CreateNNModelTask.model.layers.80.inbound_nodes.1.1.1,pipeline.CreateNNModelTask.model.layers.80.inbound_nodes.1.1.2,pipeline.CreateNNModelTask.model.layers.80.inbound_nodes.1.1.3,pipeline.CreateNNModelTask.model.layers.81.class_name,pipeline.CreateNNModelTask.model.layers.81.config.name,pipeline.CreateNNModelTask.model.layers.81.config.trainable,pipeline.CreateNNModelTask.model.layers.81.config.dtype,pipeline.CreateNNModelTask.model.layers.81.config.axis,pipeline.CreateNNModelTask.model.layers.81.name,pipeline.CreateNNModelTask.model.layers.81.inbound_nodes.1.1.1,pipeline.CreateNNModelTask.model.layers.81.inbound_nodes.1.1.2,pipeline.CreateNNModelTask.model.layers.81.inbound_nodes.1.1.3,pipeline.CreateNNModelTask.model.layers.81.inbound_nodes.1.2.1,pipeline.CreateNNModelTask.model.layers.81.inbound_nodes.1.2.2,pipeline.CreateNNModelTask.model.layers.81.inbound_nodes.1.2.3,pipeline.CreateNNModelTask.model.layers.82.class_name,pipeline.CreateNNModelTask.model.layers.82.config.name,pipeline.CreateNNModelTask.model.layers.82.config.trainable,pipeline.CreateNNModelTask.model.layers.82.config.dtype,pipeline.CreateNNModelTask.model.layers.82.config.axis.1,pipeline.CreateNNModelTask.model.layers.82.config.momentum,pipeline.CreateNNModelTask.model.layers.82.config.epsilon,pipeline.CreateNNModelTask.model.layers.82.config.center,pipeline.CreateNNModelTask.model.layers.82.config.scale,pipeline.CreateNNModelTask.model.layers.82.config.beta_initializer.class_name,pipeline.CreateNNModelTask.model.layers.82.config.gamma_initializer.class_name,pipeline.CreateNNModelTask.model.layers.82.config.moving_mean_initializer.class_name,pipeline.CreateNNModelTask.model.layers.82.config.moving_variance_initializer.class_name,pipeline.CreateNNModelTask.model.layers.82.name,pipeline.CreateNNModelTask.model.layers.82.inbound_nodes.1.1.1,pipeline.CreateNNModelTask.model.layers.82.inbound_nodes.1.1.2,pipeline.CreateNNModelTask.model.layers.82.inbound_nodes.1.1.3,pipeline.CreateNNModelTask.model.layers.83.class_name,pipeline.CreateNNModelTask.model.layers.83.config.name,pipeline.CreateNNModelTask.model.layers.83.config.trainable,pipeline.CreateNNModelTask.model.layers.83.config.dtype,pipeline.CreateNNModelTask.model.layers.83.config.activation,pipeline.CreateNNModelTask.model.layers.83.name,pipeline.CreateNNModelTask.model.layers.83.inbound_nodes.1.1.1,pipeline.CreateNNModelTask.model.layers.83.inbound_nodes.1.1.2,pipeline.CreateNNModelTask.model.layers.83.inbound_nodes.1.1.3,pipeline.CreateNNModelTask.model.layers.84.class_name,pipeline.CreateNNModelTask.model.layers.84.config.name,pipeline.CreateNNModelTask.model.layers.84.config.trainable,pipeline.CreateNNModelTask.model.layers.84.config.dtype,pipeline.CreateNNModelTask.model.layers.84.config.filters,pipeline.CreateNNModelTask.model.layers.84.config.kernel_size.1,pipeline.CreateNNModelTask.model.layers.84.config.kernel_size.2,pipeline.CreateNNModelTask.model.layers.84.config.strides.1,pipeline.CreateNNModelTask.model.layers.84.config.strides.2,pipeline.CreateNNModelTask.model.layers.84.config.padding,pipeline.CreateNNModelTask.model.layers.84.config.data_format,pipeline.CreateNNModelTask.model.layers.84.config.dilation_rate.1,pipeline.CreateNNModelTask.model.layers.84.config.dilation_rate.2,pipeline.CreateNNModelTask.model.layers.84.config.groups,pipeline.CreateNNModelTask.model.layers.84.config.activation,pipeline.CreateNNModelTask.model.layers.84.config.use_bias,pipeline.CreateNNModelTask.model.layers.84.config.kernel_initializer.class_name,pipeline.CreateNNModelTask.model.layers.84.config.bias_initializer.class_name,pipeline.CreateNNModelTask.model.layers.84.name,pipeline.CreateNNModelTask.model.layers.84.inbound_nodes.1.1.1,pipeline.CreateNNModelTask.model.layers.84.inbound_nodes.1.1.2,pipeline.CreateNNModelTask.model.layers.84.inbound_nodes.1.1.3,pipeline.CreateNNModelTask.model.layers.85.class_name,pipeline.CreateNNModelTask.model.layers.85.config.name,pipeline.CreateNNModelTask.model.layers.85.config.trainable,pipeline.CreateNNModelTask.model.layers.85.config.dtype,pipeline.CreateNNModelTask.model.layers.85.config.axis.1,pipeline.CreateNNModelTask.model.layers.85.config.momentum,pipeline.CreateNNModelTask.model.layers.85.config.epsilon,pipeline.CreateNNModelTask.model.layers.85.config.center,pipeline.CreateNNModelTask.model.layers.85.config.scale,pipeline.CreateNNModelTask.model.layers.85.config.beta_initializer.class_name,pipeline.CreateNNModelTask.model.layers.85.config.gamma_initializer.class_name,pipeline.CreateNNModelTask.model.layers.85.config.moving_mean_initializer.class_name,pipeline.CreateNNModelTask.model.layers.85.config.moving_variance_initializer.class_name,pipeline.CreateNNModelTask.model.layers.85.name,pipeline.CreateNNModelTask.model.layers.85.inbound_nodes.1.1.1,pipeline.CreateNNModelTask.model.layers.85.inbound_nodes.1.1.2,pipeline.CreateNNModelTask.model.layers.85.inbound_nodes.1.1.3,pipeline.CreateNNModelTask.model.layers.86.class_name,pipeline.CreateNNModelTask.model.layers.86.config.name,pipeline.CreateNNModelTask.model.layers.86.config.trainable,pipeline.CreateNNModelTask.model.layers.86.config.dtype,pipeline.CreateNNModelTask.model.layers.86.config.activation,pipeline.CreateNNModelTask.model.layers.86.name,pipeline.CreateNNModelTask.model.layers.86.inbound_nodes.1.1.1,pipeline.CreateNNModelTask.model.layers.86.inbound_nodes.1.1.2,pipeline.CreateNNModelTask.model.layers.86.inbound_nodes.1.1.3,pipeline.CreateNNModelTask.model.layers.87.class_name,pipeline.CreateNNModelTask.model.layers.87.config.name,pipeline.CreateNNModelTask.model.layers.87.config.trainable,pipeline.CreateNNModelTask.model.layers.87.config.dtype,pipeline.CreateNNModelTask.model.layers.87.config.filters,pipeline.CreateNNModelTask.model.layers.87.config.kernel_size.1,pipeline.CreateNNModelTask.model.layers.87.config.kernel_size.2,pipeline.CreateNNModelTask.model.layers.87.config.strides.1,pipeline.CreateNNModelTask.model.layers.87.config.strides.2,pipeline.CreateNNModelTask.model.layers.87.config.padding,pipeline.CreateNNModelTask.model.layers.87.config.data_format,pipeline.CreateNNModelTask.model.layers.87.config.dilation_rate.1,pipeline.CreateNNModelTask.model.layers.87.config.dilation_rate.2,pipeline.CreateNNModelTask.model.layers.87.config.groups,pipeline.CreateNNModelTask.model.layers.87.config.activation,pipeline.CreateNNModelTask.model.layers.87.config.use_bias,pipeline.CreateNNModelTask.model.layers.87.config.kernel_initializer.class_name,pipeline.CreateNNModelTask.model.layers.87.config.bias_initializer.class_name,pipeline.CreateNNModelTask.model.layers.87.name,pipeline.CreateNNModelTask.model.layers.87.inbound_nodes.1.1.1,pipeline.CreateNNModelTask.model.layers.87.inbound_nodes.1.1.2,pipeline.CreateNNModelTask.model.layers.87.inbound_nodes.1.1.3,pipeline.CreateNNModelTask.model.layers.88.class_name,pipeline.CreateNNModelTask.model.layers.88.config.name,pipeline.CreateNNModelTask.model.layers.88.config.trainable,pipeline.CreateNNModelTask.model.layers.88.config.dtype,pipeline.CreateNNModelTask.model.layers.88.config.axis,pipeline.CreateNNModelTask.model.layers.88.name,pipeline.CreateNNModelTask.model.layers.88.inbound_nodes.1.1.1,pipeline.CreateNNModelTask.model.layers.88.inbound_nodes.1.1.2,pipeline.CreateNNModelTask.model.layers.88.inbound_nodes.1.1.3,pipeline.CreateNNModelTask.model.layers.88.inbound_nodes.1.2.1,pipeline.CreateNNModelTask.model.layers.88.inbound_nodes.1.2.2,pipeline.CreateNNModelTask.model.layers.88.inbound_nodes.1.2.3,pipeline.CreateNNModelTask.model.layers.89.class_name,pipeline.CreateNNModelTask.model.layers.89.config.name,pipeline.CreateNNModelTask.model.layers.89.config.trainable,pipeline.CreateNNModelTask.model.layers.89.config.dtype,pipeline.CreateNNModelTask.model.layers.89.config.axis.1,pipeline.CreateNNModelTask.model.layers.89.config.momentum,pipeline.CreateNNModelTask.model.layers.89.config.epsilon,pipeline.CreateNNModelTask.model.layers.89.config.center,pipeline.CreateNNModelTask.model.layers.89.config.scale,pipeline.CreateNNModelTask.model.layers.89.config.beta_initializer.class_name,pipeline.CreateNNModelTask.model.layers.89.config.gamma_initializer.class_name,pipeline.CreateNNModelTask.model.layers.89.config.moving_mean_initializer.class_name,pipeline.CreateNNModelTask.model.layers.89.config.moving_variance_initializer.class_name,pipeline.CreateNNModelTask.model.layers.89.name,pipeline.CreateNNModelTask.model.layers.89.inbound_nodes.1.1.1,pipeline.CreateNNModelTask.model.layers.89.inbound_nodes.1.1.2,pipeline.CreateNNModelTask.model.layers.89.inbound_nodes.1.1.3,pipeline.CreateNNModelTask.model.layers.90.class_name,pipeline.CreateNNModelTask.model.layers.90.config.name,pipeline.CreateNNModelTask.model.layers.90.config.trainable,pipeline.CreateNNModelTask.model.layers.90.config.dtype,pipeline.CreateNNModelTask.model.layers.90.config.activation,pipeline.CreateNNModelTask.model.layers.90.name,pipeline.CreateNNModelTask.model.layers.90.inbound_nodes.1.1.1,pipeline.CreateNNModelTask.model.layers.90.inbound_nodes.1.1.2,pipeline.CreateNNModelTask.model.layers.90.inbound_nodes.1.1.3,pipeline.CreateNNModelTask.model.layers.91.class_name,pipeline.CreateNNModelTask.model.layers.91.config.name,pipeline.CreateNNModelTask.model.layers.91.config.trainable,pipeline.CreateNNModelTask.model.layers.91.config.dtype,pipeline.CreateNNModelTask.model.layers.91.config.filters,pipeline.CreateNNModelTask.model.layers.91.config.kernel_size.1,pipeline.CreateNNModelTask.model.layers.91.config.kernel_size.2,pipeline.CreateNNModelTask.model.layers.91.config.strides.1,pipeline.CreateNNModelTask.model.layers.91.config.strides.2,pipeline.CreateNNModelTask.model.layers.91.config.padding,pipeline.CreateNNModelTask.model.layers.91.config.data_format,pipeline.CreateNNModelTask.model.layers.91.config.dilation_rate.1,pipeline.CreateNNModelTask.model.layers.91.config.dilation_rate.2,pipeline.CreateNNModelTask.model.layers.91.config.groups,pipeline.CreateNNModelTask.model.layers.91.config.activation,pipeline.CreateNNModelTask.model.layers.91.config.use_bias,pipeline.CreateNNModelTask.model.layers.91.config.kernel_initializer.class_name,pipeline.CreateNNModelTask.model.layers.91.config.bias_initializer.class_name,pipeline.CreateNNModelTask.model.layers.91.name,pipeline.CreateNNModelTask.model.layers.91.inbound_nodes.1.1.1,pipeline.CreateNNModelTask.model.layers.91.inbound_nodes.1.1.2,pipeline.CreateNNModelTask.model.layers.91.inbound_nodes.1.1.3,pipeline.CreateNNModelTask.model.layers.92.class_name,pipeline.CreateNNModelTask.model.layers.92.config.name,pipeline.CreateNNModelTask.model.layers.92.config.trainable,pipeline.CreateNNModelTask.model.layers.92.config.dtype,pipeline.CreateNNModelTask.model.layers.92.config.axis.1,pipeline.CreateNNModelTask.model.layers.92.config.momentum,pipeline.CreateNNModelTask.model.layers.92.config.epsilon,pipeline.CreateNNModelTask.model.layers.92.config.center,pipeline.CreateNNModelTask.model.layers.92.config.scale,pipeline.CreateNNModelTask.model.layers.92.config.beta_initializer.class_name,pipeline.CreateNNModelTask.model.layers.92.config.gamma_initializer.class_name,pipeline.CreateNNModelTask.model.layers.92.config.moving_mean_initializer.class_name,pipeline.CreateNNModelTask.model.layers.92.config.moving_variance_initializer.class_name,pipeline.CreateNNModelTask.model.layers.92.name,pipeline.CreateNNModelTask.model.layers.92.inbound_nodes.1.1.1,pipeline.CreateNNModelTask.model.layers.92.inbound_nodes.1.1.2,pipeline.CreateNNModelTask.model.layers.92.inbound_nodes.1.1.3,pipeline.CreateNNModelTask.model.layers.93.class_name,pipeline.CreateNNModelTask.model.layers.93.config.name,pipeline.CreateNNModelTask.model.layers.93.config.trainable,pipeline.CreateNNModelTask.model.layers.93.config.dtype,pipeline.CreateNNModelTask.model.layers.93.config.activation,pipeline.CreateNNModelTask.model.layers.93.name,pipeline.CreateNNModelTask.model.layers.93.inbound_nodes.1.1.1,pipeline.CreateNNModelTask.model.layers.93.inbound_nodes.1.1.2,pipeline.CreateNNModelTask.model.layers.93.inbound_nodes.1.1.3,pipeline.CreateNNModelTask.model.layers.94.class_name,pipeline.CreateNNModelTask.model.layers.94.config.name,pipeline.CreateNNModelTask.model.layers.94.config.trainable,pipeline.CreateNNModelTask.model.layers.94.config.dtype,pipeline.CreateNNModelTask.model.layers.94.config.filters,pipeline.CreateNNModelTask.model.layers.94.config.kernel_size.1,pipeline.CreateNNModelTask.model.layers.94.config.kernel_size.2,pipeline.CreateNNModelTask.model.layers.94.config.strides.1,pipeline.CreateNNModelTask.model.layers.94.config.strides.2,pipeline.CreateNNModelTask.model.layers.94.config.padding,pipeline.CreateNNModelTask.model.layers.94.config.data_format,pipeline.CreateNNModelTask.model.layers.94.config.dilation_rate.1,pipeline.CreateNNModelTask.model.layers.94.config.dilation_rate.2,pipeline.CreateNNModelTask.model.layers.94.config.groups,pipeline.CreateNNModelTask.model.layers.94.config.activation,pipeline.CreateNNModelTask.model.layers.94.config.use_bias,pipeline.CreateNNModelTask.model.layers.94.config.kernel_initializer.class_name,pipeline.CreateNNModelTask.model.layers.94.config.bias_initializer.class_name,pipeline.CreateNNModelTask.model.layers.94.name,pipeline.CreateNNModelTask.model.layers.94.inbound_nodes.1.1.1,pipeline.CreateNNModelTask.model.layers.94.inbound_nodes.1.1.2,pipeline.CreateNNModelTask.model.layers.94.inbound_nodes.1.1.3,pipeline.CreateNNModelTask.model.layers.95.class_name,pipeline.CreateNNModelTask.model.layers.95.config.name,pipeline.CreateNNModelTask.model.layers.95.config.trainable,pipeline.CreateNNModelTask.model.layers.95.config.dtype,pipeline.CreateNNModelTask.model.layers.95.config.axis,pipeline.CreateNNModelTask.model.layers.95.name,pipeline.CreateNNModelTask.model.layers.95.inbound_nodes.1.1.1,pipeline.CreateNNModelTask.model.layers.95.inbound_nodes.1.1.2,pipeline.CreateNNModelTask.model.layers.95.inbound_nodes.1.1.3,pipeline.CreateNNModelTask.model.layers.95.inbound_nodes.1.2.1,pipeline.CreateNNModelTask.model.layers.95.inbound_nodes.1.2.2,pipeline.CreateNNModelTask.model.layers.95.inbound_nodes.1.2.3,pipeline.CreateNNModelTask.model.layers.96.class_name,pipeline.CreateNNModelTask.model.layers.96.config.name,pipeline.CreateNNModelTask.model.layers.96.config.trainable,pipeline.CreateNNModelTask.model.layers.96.config.dtype,pipeline.CreateNNModelTask.model.layers.96.config.axis.1,pipeline.CreateNNModelTask.model.layers.96.config.momentum,pipeline.CreateNNModelTask.model.layers.96.config.epsilon,pipeline.CreateNNModelTask.model.layers.96.config.center,pipeline.CreateNNModelTask.model.layers.96.config.scale,pipeline.CreateNNModelTask.model.layers.96.config.beta_initializer.class_name,pipeline.CreateNNModelTask.model.layers.96.config.gamma_initializer.class_name,pipeline.CreateNNModelTask.model.layers.96.config.moving_mean_initializer.class_name,pipeline.CreateNNModelTask.model.layers.96.config.moving_variance_initializer.class_name,pipeline.CreateNNModelTask.model.layers.96.name,pipeline.CreateNNModelTask.model.layers.96.inbound_nodes.1.1.1,pipeline.CreateNNModelTask.model.layers.96.inbound_nodes.1.1.2,pipeline.CreateNNModelTask.model.layers.96.inbound_nodes.1.1.3,pipeline.CreateNNModelTask.model.layers.97.class_name,pipeline.CreateNNModelTask.model.layers.97.config.name,pipeline.CreateNNModelTask.model.layers.97.config.trainable,pipeline.CreateNNModelTask.model.layers.97.config.dtype,pipeline.CreateNNModelTask.model.layers.97.config.activation,pipeline.CreateNNModelTask.model.layers.97.name,pipeline.CreateNNModelTask.model.layers.97.inbound_nodes.1.1.1,pipeline.CreateNNModelTask.model.layers.97.inbound_nodes.1.1.2,pipeline.CreateNNModelTask.model.layers.97.inbound_nodes.1.1.3,pipeline.CreateNNModelTask.model.layers.98.class_name,pipeline.CreateNNModelTask.model.layers.98.config.name,pipeline.CreateNNModelTask.model.layers.98.config.trainable,pipeline.CreateNNModelTask.model.layers.98.config.dtype,pipeline.CreateNNModelTask.model.layers.98.config.filters,pipeline.CreateNNModelTask.model.layers.98.config.kernel_size.1,pipeline.CreateNNModelTask.model.layers.98.config.kernel_size.2,pipeline.CreateNNModelTask.model.layers.98.config.strides.1,pipeline.CreateNNModelTask.model.layers.98.config.strides.2,pipeline.CreateNNModelTask.model.layers.98.config.padding,pipeline.CreateNNModelTask.model.layers.98.config.data_format,pipeline.CreateNNModelTask.model.layers.98.config.dilation_rate.1,pipeline.CreateNNModelTask.model.layers.98.config.dilation_rate.2,pipeline.CreateNNModelTask.model.layers.98.config.groups,pipeline.CreateNNModelTask.model.layers.98.config.activation,pipeline.CreateNNModelTask.model.layers.98.config.use_bias,pipeline.CreateNNModelTask.model.layers.98.config.kernel_initializer.class_name,pipeline.CreateNNModelTask.model.layers.98.config.bias_initializer.class_name,pipeline.CreateNNModelTask.model.layers.98.name,pipeline.CreateNNModelTask.model.layers.98.inbound_nodes.1.1.1,pipeline.CreateNNModelTask.model.layers.98.inbound_nodes.1.1.2,pipeline.CreateNNModelTask.model.layers.98.inbound_nodes.1.1.3,pipeline.CreateNNModelTask.model.layers.99.class_name,pipeline.CreateNNModelTask.model.layers.99.config.name,pipeline.CreateNNModelTask.model.layers.99.config.trainable,pipeline.CreateNNModelTask.model.layers.99.config.dtype,pipeline.CreateNNModelTask.model.layers.99.config.axis.1,pipeline.CreateNNModelTask.model.layers.99.config.momentum,pipeline.CreateNNModelTask.model.layers.99.config.epsilon,pipeline.CreateNNModelTask.model.layers.99.config.center,pipeline.CreateNNModelTask.model.layers.99.config.scale,pipeline.CreateNNModelTask.model.layers.99.config.beta_initializer.class_name,pipeline.CreateNNModelTask.model.layers.99.config.gamma_initializer.class_name,pipeline.CreateNNModelTask.model.layers.99.config.moving_mean_initializer.class_name,pipeline.CreateNNModelTask.model.layers.99.config.moving_variance_initializer.class_name,pipeline.CreateNNModelTask.model.layers.99.name,pipeline.CreateNNModelTask.model.layers.99.inbound_nodes.1.1.1,pipeline.CreateNNModelTask.model.layers.99.inbound_nodes.1.1.2,pipeline.CreateNNModelTask.model.layers.99.inbound_nodes.1.1.3,pipeline.CreateNNModelTask.model.layers.100.class_name,pipeline.CreateNNModelTask.model.layers.100.config.name,pipeline.CreateNNModelTask.model.layers.100.config.trainable,pipeline.CreateNNModelTask.model.layers.100.config.dtype,pipeline.CreateNNModelTask.model.layers.100.config.activation,pipeline.CreateNNModelTask.model.layers.100.name,pipeline.CreateNNModelTask.model.layers.100.inbound_nodes.1.1.1,pipeline.CreateNNModelTask.model.layers.100.inbound_nodes.1.1.2,pipeline.CreateNNModelTask.model.layers.100.inbound_nodes.1.1.3,pipeline.CreateNNModelTask.model.layers.101.class_name,pipeline.CreateNNModelTask.model.layers.101.config.name,pipeline.CreateNNModelTask.model.layers.101.config.trainable,pipeline.CreateNNModelTask.model.layers.101.config.dtype,pipeline.CreateNNModelTask.model.layers.101.config.filters,pipeline.CreateNNModelTask.model.layers.101.config.kernel_size.1,pipeline.CreateNNModelTask.model.layers.101.config.kernel_size.2,pipeline.CreateNNModelTask.model.layers.101.config.strides.1,pipeline.CreateNNModelTask.model.layers.101.config.strides.2,pipeline.CreateNNModelTask.model.layers.101.config.padding,pipeline.CreateNNModelTask.model.layers.101.config.data_format,pipeline.CreateNNModelTask.model.layers.101.config.dilation_rate.1,pipeline.CreateNNModelTask.model.layers.101.config.dilation_rate.2,pipeline.CreateNNModelTask.model.layers.101.config.groups,pipeline.CreateNNModelTask.model.layers.101.config.activation,pipeline.CreateNNModelTask.model.layers.101.config.use_bias,pipeline.CreateNNModelTask.model.layers.101.config.kernel_initializer.class_name,pipeline.CreateNNModelTask.model.layers.101.config.bias_initializer.class_name,pipeline.CreateNNModelTask.model.layers.101.name,pipeline.CreateNNModelTask.model.layers.101.inbound_nodes.1.1.1,pipeline.CreateNNModelTask.model.layers.101.inbound_nodes.1.1.2,pipeline.CreateNNModelTask.model.layers.101.inbound_nodes.1.1.3,pipeline.CreateNNModelTask.model.layers.102.class_name,pipeline.CreateNNModelTask.model.layers.102.config.name,pipeline.CreateNNModelTask.model.layers.102.config.trainable,pipeline.CreateNNModelTask.model.layers.102.config.dtype,pipeline.CreateNNModelTask.model.layers.102.config.axis,pipeline.CreateNNModelTask.model.layers.102.name,pipeline.CreateNNModelTask.model.layers.102.inbound_nodes.1.1.1,pipeline.CreateNNModelTask.model.layers.102.inbound_nodes.1.1.2,pipeline.CreateNNModelTask.model.layers.102.inbound_nodes.1.1.3,pipeline.CreateNNModelTask.model.layers.102.inbound_nodes.1.2.1,pipeline.CreateNNModelTask.model.layers.102.inbound_nodes.1.2.2,pipeline.CreateNNModelTask.model.layers.102.inbound_nodes.1.2.3,pipeline.CreateNNModelTask.model.layers.103.class_name,pipeline.CreateNNModelTask.model.layers.103.config.name,pipeline.CreateNNModelTask.model.layers.103.config.trainable,pipeline.CreateNNModelTask.model.layers.103.config.dtype,pipeline.CreateNNModelTask.model.layers.103.config.axis.1,pipeline.CreateNNModelTask.model.layers.103.config.momentum,pipeline.CreateNNModelTask.model.layers.103.config.epsilon,pipeline.CreateNNModelTask.model.layers.103.config.center,pipeline.CreateNNModelTask.model.layers.103.config.scale,pipeline.CreateNNModelTask.model.layers.103.config.beta_initializer.class_name,pipeline.CreateNNModelTask.model.layers.103.config.gamma_initializer.class_name,pipeline.CreateNNModelTask.model.layers.103.config.moving_mean_initializer.class_name,pipeline.CreateNNModelTask.model.layers.103.config.moving_variance_initializer.class_name,pipeline.CreateNNModelTask.model.layers.103.name,pipeline.CreateNNModelTask.model.layers.103.inbound_nodes.1.1.1,pipeline.CreateNNModelTask.model.layers.103.inbound_nodes.1.1.2,pipeline.CreateNNModelTask.model.layers.103.inbound_nodes.1.1.3,pipeline.CreateNNModelTask.model.layers.104.class_name,pipeline.CreateNNModelTask.model.layers.104.config.name,pipeline.CreateNNModelTask.model.layers.104.config.trainable,pipeline.CreateNNModelTask.model.layers.104.config.dtype,pipeline.CreateNNModelTask.model.layers.104.config.activation,pipeline.CreateNNModelTask.model.layers.104.name,pipeline.CreateNNModelTask.model.layers.104.inbound_nodes.1.1.1,pipeline.CreateNNModelTask.model.layers.104.inbound_nodes.1.1.2,pipeline.CreateNNModelTask.model.layers.104.inbound_nodes.1.1.3,pipeline.CreateNNModelTask.model.layers.105.class_name,pipeline.CreateNNModelTask.model.layers.105.config.name,pipeline.CreateNNModelTask.model.layers.105.config.trainable,pipeline.CreateNNModelTask.model.layers.105.config.dtype,pipeline.CreateNNModelTask.model.layers.105.config.filters,pipeline.CreateNNModelTask.model.layers.105.config.kernel_size.1,pipeline.CreateNNModelTask.model.layers.105.config.kernel_size.2,pipeline.CreateNNModelTask.model.layers.105.config.strides.1,pipeline.CreateNNModelTask.model.layers.105.config.strides.2,pipeline.CreateNNModelTask.model.layers.105.config.padding,pipeline.CreateNNModelTask.model.layers.105.config.data_format,pipeline.CreateNNModelTask.model.layers.105.config.dilation_rate.1,pipeline.CreateNNModelTask.model.layers.105.config.dilation_rate.2,pipeline.CreateNNModelTask.model.layers.105.config.groups,pipeline.CreateNNModelTask.model.layers.105.config.activation,pipeline.CreateNNModelTask.model.layers.105.config.use_bias,pipeline.CreateNNModelTask.model.layers.105.config.kernel_initializer.class_name,pipeline.CreateNNModelTask.model.layers.105.config.bias_initializer.class_name,pipeline.CreateNNModelTask.model.layers.105.name,pipeline.CreateNNModelTask.model.layers.105.inbound_nodes.1.1.1,pipeline.CreateNNModelTask.model.layers.105.inbound_nodes.1.1.2,pipeline.CreateNNModelTask.model.layers.105.inbound_nodes.1.1.3,pipeline.CreateNNModelTask.model.layers.106.class_name,pipeline.CreateNNModelTask.model.layers.106.config.name,pipeline.CreateNNModelTask.model.layers.106.config.trainable,pipeline.CreateNNModelTask.model.layers.106.config.dtype,pipeline.CreateNNModelTask.model.layers.106.config.axis.1,pipeline.CreateNNModelTask.model.layers.106.config.momentum,pipeline.CreateNNModelTask.model.layers.106.config.epsilon,pipeline.CreateNNModelTask.model.layers.106.config.center,pipeline.CreateNNModelTask.model.layers.106.config.scale,pipeline.CreateNNModelTask.model.layers.106.config.beta_initializer.class_name,pipeline.CreateNNModelTask.model.layers.106.config.gamma_initializer.class_name,pipeline.CreateNNModelTask.model.layers.106.config.moving_mean_initializer.class_name,pipeline.CreateNNModelTask.model.layers.106.config.moving_variance_initializer.class_name,pipeline.CreateNNModelTask.model.layers.106.name,pipeline.CreateNNModelTask.model.layers.106.inbound_nodes.1.1.1,pipeline.CreateNNModelTask.model.layers.106.inbound_nodes.1.1.2,pipeline.CreateNNModelTask.model.layers.106.inbound_nodes.1.1.3,pipeline.CreateNNModelTask.model.layers.107.class_name,pipeline.CreateNNModelTask.model.layers.107.config.name,pipeline.CreateNNModelTask.model.layers.107.config.trainable,pipeline.CreateNNModelTask.model.layers.107.config.dtype,pipeline.CreateNNModelTask.model.layers.107.config.activation,pipeline.CreateNNModelTask.model.layers.107.name,pipeline.CreateNNModelTask.model.layers.107.inbound_nodes.1.1.1,pipeline.CreateNNModelTask.model.layers.107.inbound_nodes.1.1.2,pipeline.CreateNNModelTask.model.layers.107.inbound_nodes.1.1.3,pipeline.CreateNNModelTask.model.layers.108.class_name,pipeline.CreateNNModelTask.model.layers.108.config.name,pipeline.CreateNNModelTask.model.layers.108.config.trainable,pipeline.CreateNNModelTask.model.layers.108.config.dtype,pipeline.CreateNNModelTask.model.layers.108.config.filters,pipeline.CreateNNModelTask.model.layers.108.config.kernel_size.1,pipeline.CreateNNModelTask.model.layers.108.config.kernel_size.2,pipeline.CreateNNModelTask.model.layers.108.config.strides.1,pipeline.CreateNNModelTask.model.layers.108.config.strides.2,pipeline.CreateNNModelTask.model.layers.108.config.padding,pipeline.CreateNNModelTask.model.layers.108.config.data_format,pipeline.CreateNNModelTask.model.layers.108.config.dilation_rate.1,pipeline.CreateNNModelTask.model.layers.108.config.dilation_rate.2,pipeline.CreateNNModelTask.model.layers.108.config.groups,pipeline.CreateNNModelTask.model.layers.108.config.activation,pipeline.CreateNNModelTask.model.layers.108.config.use_bias,pipeline.CreateNNModelTask.model.layers.108.config.kernel_initializer.class_name,pipeline.CreateNNModelTask.model.layers.108.config.bias_initializer.class_name,pipeline.CreateNNModelTask.model.layers.108.name,pipeline.CreateNNModelTask.model.layers.108.inbound_nodes.1.1.1,pipeline.CreateNNModelTask.model.layers.108.inbound_nodes.1.1.2,pipeline.CreateNNModelTask.model.layers.108.inbound_nodes.1.1.3,pipeline.CreateNNModelTask.model.layers.109.class_name,pipeline.CreateNNModelTask.model.layers.109.config.name,pipeline.CreateNNModelTask.model.layers.109.config.trainable,pipeline.CreateNNModelTask.model.layers.109.config.dtype,pipeline.CreateNNModelTask.model.layers.109.config.axis,pipeline.CreateNNModelTask.model.layers.109.name,pipeline.CreateNNModelTask.model.layers.109.inbound_nodes.1.1.1,pipeline.CreateNNModelTask.model.layers.109.inbound_nodes.1.1.2,pipeline.CreateNNModelTask.model.layers.109.inbound_nodes.1.1.3,pipeline.CreateNNModelTask.model.layers.109.inbound_nodes.1.2.1,pipeline.CreateNNModelTask.model.layers.109.inbound_nodes.1.2.2,pipeline.CreateNNModelTask.model.layers.109.inbound_nodes.1.2.3,pipeline.CreateNNModelTask.model.layers.110.class_name,pipeline.CreateNNModelTask.model.layers.110.config.name,pipeline.CreateNNModelTask.model.layers.110.config.trainable,pipeline.CreateNNModelTask.model.layers.110.config.dtype,pipeline.CreateNNModelTask.model.layers.110.config.axis.1,pipeline.CreateNNModelTask.model.layers.110.config.momentum,pipeline.CreateNNModelTask.model.layers.110.config.epsilon,pipeline.CreateNNModelTask.model.layers.110.config.center,pipeline.CreateNNModelTask.model.layers.110.config.scale,pipeline.CreateNNModelTask.model.layers.110.config.beta_initializer.class_name,pipeline.CreateNNModelTask.model.layers.110.config.gamma_initializer.class_name,pipeline.CreateNNModelTask.model.layers.110.config.moving_mean_initializer.class_name,pipeline.CreateNNModelTask.model.layers.110.config.moving_variance_initializer.class_name,pipeline.CreateNNModelTask.model.layers.110.name,pipeline.CreateNNModelTask.model.layers.110.inbound_nodes.1.1.1,pipeline.CreateNNModelTask.model.layers.110.inbound_nodes.1.1.2,pipeline.CreateNNModelTask.model.layers.110.inbound_nodes.1.1.3,pipeline.CreateNNModelTask.model.layers.111.class_name,pipeline.CreateNNModelTask.model.layers.111.config.name,pipeline.CreateNNModelTask.model.layers.111.config.trainable,pipeline.CreateNNModelTask.model.layers.111.config.dtype,pipeline.CreateNNModelTask.model.layers.111.config.activation,pipeline.CreateNNModelTask.model.layers.111.name,pipeline.CreateNNModelTask.model.layers.111.inbound_nodes.1.1.1,pipeline.CreateNNModelTask.model.layers.111.inbound_nodes.1.1.2,pipeline.CreateNNModelTask.model.layers.111.inbound_nodes.1.1.3,pipeline.CreateNNModelTask.model.layers.112.class_name,pipeline.CreateNNModelTask.model.layers.112.config.name,pipeline.CreateNNModelTask.model.layers.112.config.trainable,pipeline.CreateNNModelTask.model.layers.112.config.dtype,pipeline.CreateNNModelTask.model.layers.112.config.filters,pipeline.CreateNNModelTask.model.layers.112.config.kernel_size.1,pipeline.CreateNNModelTask.model.layers.112.config.kernel_size.2,pipeline.CreateNNModelTask.model.layers.112.config.strides.1,pipeline.CreateNNModelTask.model.layers.112.config.strides.2,pipeline.CreateNNModelTask.model.layers.112.config.padding,pipeline.CreateNNModelTask.model.layers.112.config.data_format,pipeline.CreateNNModelTask.model.layers.112.config.dilation_rate.1,pipeline.CreateNNModelTask.model.layers.112.config.dilation_rate.2,pipeline.CreateNNModelTask.model.layers.112.config.groups,pipeline.CreateNNModelTask.model.layers.112.config.activation,pipeline.CreateNNModelTask.model.layers.112.config.use_bias,pipeline.CreateNNModelTask.model.layers.112.config.kernel_initializer.class_name,pipeline.CreateNNModelTask.model.layers.112.config.bias_initializer.class_name,pipeline.CreateNNModelTask.model.layers.112.name,pipeline.CreateNNModelTask.model.layers.112.inbound_nodes.1.1.1,pipeline.CreateNNModelTask.model.layers.112.inbound_nodes.1.1.2,pipeline.CreateNNModelTask.model.layers.112.inbound_nodes.1.1.3,pipeline.CreateNNModelTask.model.layers.113.class_name,pipeline.CreateNNModelTask.model.layers.113.config.name,pipeline.CreateNNModelTask.model.layers.113.config.trainable,pipeline.CreateNNModelTask.model.layers.113.config.dtype,pipeline.CreateNNModelTask.model.layers.113.config.axis.1,pipeline.CreateNNModelTask.model.layers.113.config.momentum,pipeline.CreateNNModelTask.model.layers.113.config.epsilon,pipeline.CreateNNModelTask.model.layers.113.config.center,pipeline.CreateNNModelTask.model.layers.113.config.scale,pipeline.CreateNNModelTask.model.layers.113.config.beta_initializer.class_name,pipeline.CreateNNModelTask.model.layers.113.config.gamma_initializer.class_name,pipeline.CreateNNModelTask.model.layers.113.config.moving_mean_initializer.class_name,pipeline.CreateNNModelTask.model.layers.113.config.moving_variance_initializer.class_name,pipeline.CreateNNModelTask.model.layers.113.name,pipeline.CreateNNModelTask.model.layers.113.inbound_nodes.1.1.1,pipeline.CreateNNModelTask.model.layers.113.inbound_nodes.1.1.2,pipeline.CreateNNModelTask.model.layers.113.inbound_nodes.1.1.3,pipeline.CreateNNModelTask.model.layers.114.class_name,pipeline.CreateNNModelTask.model.layers.114.config.name,pipeline.CreateNNModelTask.model.layers.114.config.trainable,pipeline.CreateNNModelTask.model.layers.114.config.dtype,pipeline.CreateNNModelTask.model.layers.114.config.activation,pipeline.CreateNNModelTask.model.layers.114.name,pipeline.CreateNNModelTask.model.layers.114.inbound_nodes.1.1.1,pipeline.CreateNNModelTask.model.layers.114.inbound_nodes.1.1.2,pipeline.CreateNNModelTask.model.layers.114.inbound_nodes.1.1.3,pipeline.CreateNNModelTask.model.layers.115.class_name,pipeline.CreateNNModelTask.model.layers.115.config.name,pipeline.CreateNNModelTask.model.layers.115.config.trainable,pipeline.CreateNNModelTask.model.layers.115.config.dtype,pipeline.CreateNNModelTask.model.layers.115.config.filters,pipeline.CreateNNModelTask.model.layers.115.config.kernel_size.1,pipeline.CreateNNModelTask.model.layers.115.config.kernel_size.2,pipeline.CreateNNModelTask.model.layers.115.config.strides.1,pipeline.CreateNNModelTask.model.layers.115.config.strides.2,pipeline.CreateNNModelTask.model.layers.115.config.padding,pipeline.CreateNNModelTask.model.layers.115.config.data_format,pipeline.CreateNNModelTask.model.layers.115.config.dilation_rate.1,pipeline.CreateNNModelTask.model.layers.115.config.dilation_rate.2,pipeline.CreateNNModelTask.model.layers.115.config.groups,pipeline.CreateNNModelTask.model.layers.115.config.activation,pipeline.CreateNNModelTask.model.layers.115.config.use_bias,pipeline.CreateNNModelTask.model.layers.115.config.kernel_initializer.class_name,pipeline.CreateNNModelTask.model.layers.115.config.bias_initializer.class_name,pipeline.CreateNNModelTask.model.layers.115.name,pipeline.CreateNNModelTask.model.layers.115.inbound_nodes.1.1.1,pipeline.CreateNNModelTask.model.layers.115.inbound_nodes.1.1.2,pipeline.CreateNNModelTask.model.layers.115.inbound_nodes.1.1.3,pipeline.CreateNNModelTask.model.layers.116.class_name,pipeline.CreateNNModelTask.model.layers.116.config.name,pipeline.CreateNNModelTask.model.layers.116.config.trainable,pipeline.CreateNNModelTask.model.layers.116.config.dtype,pipeline.CreateNNModelTask.model.layers.116.config.axis,pipeline.CreateNNModelTask.model.layers.116.name,pipeline.CreateNNModelTask.model.layers.116.inbound_nodes.1.1.1,pipeline.CreateNNModelTask.model.layers.116.inbound_nodes.1.1.2,pipeline.CreateNNModelTask.model.layers.116.inbound_nodes.1.1.3,pipeline.CreateNNModelTask.model.layers.116.inbound_nodes.1.2.1,pipeline.CreateNNModelTask.model.layers.116.inbound_nodes.1.2.2,pipeline.CreateNNModelTask.model.layers.116.inbound_nodes.1.2.3,pipeline.CreateNNModelTask.model.layers.117.class_name,pipeline.CreateNNModelTask.model.layers.117.config.name,pipeline.CreateNNModelTask.model.layers.117.config.trainable,pipeline.CreateNNModelTask.model.layers.117.config.dtype,pipeline.CreateNNModelTask.model.layers.117.config.axis.1,pipeline.CreateNNModelTask.model.layers.117.config.momentum,pipeline.CreateNNModelTask.model.layers.117.config.epsilon,pipeline.CreateNNModelTask.model.layers.117.config.center,pipeline.CreateNNModelTask.model.layers.117.config.scale,pipeline.CreateNNModelTask.model.layers.117.config.beta_initializer.class_name,pipeline.CreateNNModelTask.model.layers.117.config.gamma_initializer.class_name,pipeline.CreateNNModelTask.model.layers.117.config.moving_mean_initializer.class_name,pipeline.CreateNNModelTask.model.layers.117.config.moving_variance_initializer.class_name,pipeline.CreateNNModelTask.model.layers.117.name,pipeline.CreateNNModelTask.model.layers.117.inbound_nodes.1.1.1,pipeline.CreateNNModelTask.model.layers.117.inbound_nodes.1.1.2,pipeline.CreateNNModelTask.model.layers.117.inbound_nodes.1.1.3,pipeline.CreateNNModelTask.model.layers.118.class_name,pipeline.CreateNNModelTask.model.layers.118.config.name,pipeline.CreateNNModelTask.model.layers.118.config.trainable,pipeline.CreateNNModelTask.model.layers.118.config.dtype,pipeline.CreateNNModelTask.model.layers.118.config.activation,pipeline.CreateNNModelTask.model.layers.118.name,pipeline.CreateNNModelTask.model.layers.118.inbound_nodes.1.1.1,pipeline.CreateNNModelTask.model.layers.118.inbound_nodes.1.1.2,pipeline.CreateNNModelTask.model.layers.118.inbound_nodes.1.1.3,pipeline.CreateNNModelTask.model.layers.119.class_name,pipeline.CreateNNModelTask.model.layers.119.config.name,pipeline.CreateNNModelTask.model.layers.119.config.trainable,pipeline.CreateNNModelTask.model.layers.119.config.dtype,pipeline.CreateNNModelTask.model.layers.119.config.filters,pipeline.CreateNNModelTask.model.layers.119.config.kernel_size.1,pipeline.CreateNNModelTask.model.layers.119.config.kernel_size.2,pipeline.CreateNNModelTask.model.layers.119.config.strides.1,pipeline.CreateNNModelTask.model.layers.119.config.strides.2,pipeline.CreateNNModelTask.model.layers.119.config.padding,pipeline.CreateNNModelTask.model.layers.119.config.data_format,pipeline.CreateNNModelTask.model.layers.119.config.dilation_rate.1,pipeline.CreateNNModelTask.model.layers.119.config.dilation_rate.2,pipeline.CreateNNModelTask.model.layers.119.config.groups,pipeline.CreateNNModelTask.model.layers.119.config.activation,pipeline.CreateNNModelTask.model.layers.119.config.use_bias,pipeline.CreateNNModelTask.model.layers.119.config.kernel_initializer.class_name,pipeline.CreateNNModelTask.model.layers.119.config.bias_initializer.class_name,pipeline.CreateNNModelTask.model.layers.119.name,pipeline.CreateNNModelTask.model.layers.119.inbound_nodes.1.1.1,pipeline.CreateNNModelTask.model.layers.119.inbound_nodes.1.1.2,pipeline.CreateNNModelTask.model.layers.119.inbound_nodes.1.1.3,pipeline.CreateNNModelTask.model.layers.120.class_name,pipeline.CreateNNModelTask.model.layers.120.config.name,pipeline.CreateNNModelTask.model.layers.120.config.trainable,pipeline.CreateNNModelTask.model.layers.120.config.dtype,pipeline.CreateNNModelTask.model.layers.120.config.axis.1,pipeline.CreateNNModelTask.model.layers.120.config.momentum,pipeline.CreateNNModelTask.model.layers.120.config.epsilon,pipeline.CreateNNModelTask.model.layers.120.config.center,pipeline.CreateNNModelTask.model.layers.120.config.scale,pipeline.CreateNNModelTask.model.layers.120.config.beta_initializer.class_name,pipeline.CreateNNModelTask.model.layers.120.config.gamma_initializer.class_name,pipeline.CreateNNModelTask.model.layers.120.config.moving_mean_initializer.class_name,pipeline.CreateNNModelTask.model.layers.120.config.moving_variance_initializer.class_name,pipeline.CreateNNModelTask.model.layers.120.name,pipeline.CreateNNModelTask.model.layers.120.inbound_nodes.1.1.1,pipeline.CreateNNModelTask.model.layers.120.inbound_nodes.1.1.2,pipeline.CreateNNModelTask.model.layers.120.inbound_nodes.1.1.3,pipeline.CreateNNModelTask.model.layers.121.class_name,pipeline.CreateNNModelTask.model.layers.121.config.name,pipeline.CreateNNModelTask.model.layers.121.config.trainable,pipeline.CreateNNModelTask.model.layers.121.config.dtype,pipeline.CreateNNModelTask.model.layers.121.config.activation,pipeline.CreateNNModelTask.model.layers.121.name,pipeline.CreateNNModelTask.model.layers.121.inbound_nodes.1.1.1,pipeline.CreateNNModelTask.model.layers.121.inbound_nodes.1.1.2,pipeline.CreateNNModelTask.model.layers.121.inbound_nodes.1.1.3,pipeline.CreateNNModelTask.model.layers.122.class_name,pipeline.CreateNNModelTask.model.layers.122.config.name,pipeline.CreateNNModelTask.model.layers.122.config.trainable,pipeline.CreateNNModelTask.model.layers.122.config.dtype,pipeline.CreateNNModelTask.model.layers.122.config.filters,pipeline.CreateNNModelTask.model.layers.122.config.kernel_size.1,pipeline.CreateNNModelTask.model.layers.122.config.kernel_size.2,pipeline.CreateNNModelTask.model.layers.122.config.strides.1,pipeline.CreateNNModelTask.model.layers.122.config.strides.2,pipeline.CreateNNModelTask.model.layers.122.config.padding,pipeline.CreateNNModelTask.model.layers.122.config.data_format,pipeline.CreateNNModelTask.model.layers.122.config.dilation_rate.1,pipeline.CreateNNModelTask.model.layers.122.config.dilation_rate.2,pipeline.CreateNNModelTask.model.layers.122.config.groups,pipeline.CreateNNModelTask.model.layers.122.config.activation,pipeline.CreateNNModelTask.model.layers.122.config.use_bias,pipeline.CreateNNModelTask.model.layers.122.config.kernel_initializer.class_name,pipeline.CreateNNModelTask.model.layers.122.config.bias_initializer.class_name,pipeline.CreateNNModelTask.model.layers.122.name,pipeline.CreateNNModelTask.model.layers.122.inbound_nodes.1.1.1,pipeline.CreateNNModelTask.model.layers.122.inbound_nodes.1.1.2,pipeline.CreateNNModelTask.model.layers.122.inbound_nodes.1.1.3,pipeline.CreateNNModelTask.model.layers.123.class_name,pipeline.CreateNNModelTask.model.layers.123.config.name,pipeline.CreateNNModelTask.model.layers.123.config.trainable,pipeline.CreateNNModelTask.model.layers.123.config.dtype,pipeline.CreateNNModelTask.model.layers.123.config.axis,pipeline.CreateNNModelTask.model.layers.123.name,pipeline.CreateNNModelTask.model.layers.123.inbound_nodes.1.1.1,pipeline.CreateNNModelTask.model.layers.123.inbound_nodes.1.1.2,pipeline.CreateNNModelTask.model.layers.123.inbound_nodes.1.1.3,pipeline.CreateNNModelTask.model.layers.123.inbound_nodes.1.2.1,pipeline.CreateNNModelTask.model.layers.123.inbound_nodes.1.2.2,pipeline.CreateNNModelTask.model.layers.123.inbound_nodes.1.2.3,pipeline.CreateNNModelTask.model.layers.124.class_name,pipeline.CreateNNModelTask.model.layers.124.config.name,pipeline.CreateNNModelTask.model.layers.124.config.trainable,pipeline.CreateNNModelTask.model.layers.124.config.dtype,pipeline.CreateNNModelTask.model.layers.124.config.axis.1,pipeline.CreateNNModelTask.model.layers.124.config.momentum,pipeline.CreateNNModelTask.model.layers.124.config.epsilon,pipeline.CreateNNModelTask.model.layers.124.config.center,pipeline.CreateNNModelTask.model.layers.124.config.scale,pipeline.CreateNNModelTask.model.layers.124.config.beta_initializer.class_name,pipeline.CreateNNModelTask.model.layers.124.config.gamma_initializer.class_name,pipeline.CreateNNModelTask.model.layers.124.config.moving_mean_initializer.class_name,pipeline.CreateNNModelTask.model.layers.124.config.moving_variance_initializer.class_name,pipeline.CreateNNModelTask.model.layers.124.name,pipeline.CreateNNModelTask.model.layers.124.inbound_nodes.1.1.1,pipeline.CreateNNModelTask.model.layers.124.inbound_nodes.1.1.2,pipeline.CreateNNModelTask.model.layers.124.inbound_nodes.1.1.3,pipeline.CreateNNModelTask.model.layers.125.class_name,pipeline.CreateNNModelTask.model.layers.125.config.name,pipeline.CreateNNModelTask.model.layers.125.config.trainable,pipeline.CreateNNModelTask.model.layers.125.config.dtype,pipeline.CreateNNModelTask.model.layers.125.config.activation,pipeline.CreateNNModelTask.model.layers.125.name,pipeline.CreateNNModelTask.model.layers.125.inbound_nodes.1.1.1,pipeline.CreateNNModelTask.model.layers.125.inbound_nodes.1.1.2,pipeline.CreateNNModelTask.model.layers.125.inbound_nodes.1.1.3,pipeline.CreateNNModelTask.model.layers.126.class_name,pipeline.CreateNNModelTask.model.layers.126.config.name,pipeline.CreateNNModelTask.model.layers.126.config.trainable,pipeline.CreateNNModelTask.model.layers.126.config.dtype,pipeline.CreateNNModelTask.model.layers.126.config.filters,pipeline.CreateNNModelTask.model.layers.126.config.kernel_size.1,pipeline.CreateNNModelTask.model.layers.126.config.kernel_size.2,pipeline.CreateNNModelTask.model.layers.126.config.strides.1,pipeline.CreateNNModelTask.model.layers.126.config.strides.2,pipeline.CreateNNModelTask.model.layers.126.config.padding,pipeline.CreateNNModelTask.model.layers.126.config.data_format,pipeline.CreateNNModelTask.model.layers.126.config.dilation_rate.1,pipeline.CreateNNModelTask.model.layers.126.config.dilation_rate.2,pipeline.CreateNNModelTask.model.layers.126.config.groups,pipeline.CreateNNModelTask.model.layers.126.config.activation,pipeline.CreateNNModelTask.model.layers.126.config.use_bias,pipeline.CreateNNModelTask.model.layers.126.config.kernel_initializer.class_name,pipeline.CreateNNModelTask.model.layers.126.config.bias_initializer.class_name,pipeline.CreateNNModelTask.model.layers.126.name,pipeline.CreateNNModelTask.model.layers.126.inbound_nodes.1.1.1,pipeline.CreateNNModelTask.model.layers.126.inbound_nodes.1.1.2,pipeline.CreateNNModelTask.model.layers.126.inbound_nodes.1.1.3,pipeline.CreateNNModelTask.model.layers.127.class_name,pipeline.CreateNNModelTask.model.layers.127.config.name,pipeline.CreateNNModelTask.model.layers.127.config.trainable,pipeline.CreateNNModelTask.model.layers.127.config.dtype,pipeline.CreateNNModelTask.model.layers.127.config.axis.1,pipeline.CreateNNModelTask.model.layers.127.config.momentum,pipeline.CreateNNModelTask.model.layers.127.config.epsilon,pipeline.CreateNNModelTask.model.layers.127.config.center,pipeline.CreateNNModelTask.model.layers.127.config.scale,pipeline.CreateNNModelTask.model.layers.127.config.beta_initializer.class_name,pipeline.CreateNNModelTask.model.layers.127.config.gamma_initializer.class_name,pipeline.CreateNNModelTask.model.layers.127.config.moving_mean_initializer.class_name,pipeline.CreateNNModelTask.model.layers.127.config.moving_variance_initializer.class_name,pipeline.CreateNNModelTask.model.layers.127.name,pipeline.CreateNNModelTask.model.layers.127.inbound_nodes.1.1.1,pipeline.CreateNNModelTask.model.layers.127.inbound_nodes.1.1.2,pipeline.CreateNNModelTask.model.layers.127.inbound_nodes.1.1.3,pipeline.CreateNNModelTask.model.layers.128.class_name,pipeline.CreateNNModelTask.model.layers.128.config.name,pipeline.CreateNNModelTask.model.layers.128.config.trainable,pipeline.CreateNNModelTask.model.layers.128.config.dtype,pipeline.CreateNNModelTask.model.layers.128.config.activation,pipeline.CreateNNModelTask.model.layers.128.name,pipeline.CreateNNModelTask.model.layers.128.inbound_nodes.1.1.1,pipeline.CreateNNModelTask.model.layers.128.inbound_nodes.1.1.2,pipeline.CreateNNModelTask.model.layers.128.inbound_nodes.1.1.3,pipeline.CreateNNModelTask.model.layers.129.class_name,pipeline.CreateNNModelTask.model.layers.129.config.name,pipeline.CreateNNModelTask.model.layers.129.config.trainable,pipeline.CreateNNModelTask.model.layers.129.config.dtype,pipeline.CreateNNModelTask.model.layers.129.config.filters,pipeline.CreateNNModelTask.model.layers.129.config.kernel_size.1,pipeline.CreateNNModelTask.model.layers.129.config.kernel_size.2,pipeline.CreateNNModelTask.model.layers.129.config.strides.1,pipeline.CreateNNModelTask.model.layers.129.config.strides.2,pipeline.CreateNNModelTask.model.layers.129.config.padding,pipeline.CreateNNModelTask.model.layers.129.config.data_format,pipeline.CreateNNModelTask.model.layers.129.config.dilation_rate.1,pipeline.CreateNNModelTask.model.layers.129.config.dilation_rate.2,pipeline.CreateNNModelTask.model.layers.129.config.groups,pipeline.CreateNNModelTask.model.layers.129.config.activation,pipeline.CreateNNModelTask.model.layers.129.config.use_bias,pipeline.CreateNNModelTask.model.layers.129.config.kernel_initializer.class_name,pipeline.CreateNNModelTask.model.layers.129.config.bias_initializer.class_name,pipeline.CreateNNModelTask.model.layers.129.name,pipeline.CreateNNModelTask.model.layers.129.inbound_nodes.1.1.1,pipeline.CreateNNModelTask.model.layers.129.inbound_nodes.1.1.2,pipeline.CreateNNModelTask.model.layers.129.inbound_nodes.1.1.3,pipeline.CreateNNModelTask.model.layers.130.class_name,pipeline.CreateNNModelTask.model.layers.130.config.name,pipeline.CreateNNModelTask.model.layers.130.config.trainable,pipeline.CreateNNModelTask.model.layers.130.config.dtype,pipeline.CreateNNModelTask.model.layers.130.config.axis,pipeline.CreateNNModelTask.model.layers.130.name,pipeline.CreateNNModelTask.model.layers.130.inbound_nodes.1.1.1,pipeline.CreateNNModelTask.model.layers.130.inbound_nodes.1.1.2,pipeline.CreateNNModelTask.model.layers.130.inbound_nodes.1.1.3,pipeline.CreateNNModelTask.model.layers.130.inbound_nodes.1.2.1,pipeline.CreateNNModelTask.model.layers.130.inbound_nodes.1.2.2,pipeline.CreateNNModelTask.model.layers.130.inbound_nodes.1.2.3,pipeline.CreateNNModelTask.model.layers.131.class_name,pipeline.CreateNNModelTask.model.layers.131.config.name,pipeline.CreateNNModelTask.model.layers.131.config.trainable,pipeline.CreateNNModelTask.model.layers.131.config.dtype,pipeline.CreateNNModelTask.model.layers.131.config.axis.1,pipeline.CreateNNModelTask.model.layers.131.config.momentum,pipeline.CreateNNModelTask.model.layers.131.config.epsilon,pipeline.CreateNNModelTask.model.layers.131.config.center,pipeline.CreateNNModelTask.model.layers.131.config.scale,pipeline.CreateNNModelTask.model.layers.131.config.beta_initializer.class_name,pipeline.CreateNNModelTask.model.layers.131.config.gamma_initializer.class_name,pipeline.CreateNNModelTask.model.layers.131.config.moving_mean_initializer.class_name,pipeline.CreateNNModelTask.model.layers.131.config.moving_variance_initializer.class_name,pipeline.CreateNNModelTask.model.layers.131.name,pipeline.CreateNNModelTask.model.layers.131.inbound_nodes.1.1.1,pipeline.CreateNNModelTask.model.layers.131.inbound_nodes.1.1.2,pipeline.CreateNNModelTask.model.layers.131.inbound_nodes.1.1.3,pipeline.CreateNNModelTask.model.layers.132.class_name,pipeline.CreateNNModelTask.model.layers.132.config.name,pipeline.CreateNNModelTask.model.layers.132.config.trainable,pipeline.CreateNNModelTask.model.layers.132.config.dtype,pipeline.CreateNNModelTask.model.layers.132.config.activation,pipeline.CreateNNModelTask.model.layers.132.name,pipeline.CreateNNModelTask.model.layers.132.inbound_nodes.1.1.1,pipeline.CreateNNModelTask.model.layers.132.inbound_nodes.1.1.2,pipeline.CreateNNModelTask.model.layers.132.inbound_nodes.1.1.3,pipeline.CreateNNModelTask.model.layers.133.class_name,pipeline.CreateNNModelTask.model.layers.133.config.name,pipeline.CreateNNModelTask.model.layers.133.config.trainable,pipeline.CreateNNModelTask.model.layers.133.config.dtype,pipeline.CreateNNModelTask.model.layers.133.config.filters,pipeline.CreateNNModelTask.model.layers.133.config.kernel_size.1,pipeline.CreateNNModelTask.model.layers.133.config.kernel_size.2,pipeline.CreateNNModelTask.model.layers.133.config.strides.1,pipeline.CreateNNModelTask.model.layers.133.config.strides.2,pipeline.CreateNNModelTask.model.layers.133.config.padding,pipeline.CreateNNModelTask.model.layers.133.config.data_format,pipeline.CreateNNModelTask.model.layers.133.config.dilation_rate.1,pipeline.CreateNNModelTask.model.layers.133.config.dilation_rate.2,pipeline.CreateNNModelTask.model.layers.133.config.groups,pipeline.CreateNNModelTask.model.layers.133.config.activation,pipeline.CreateNNModelTask.model.layers.133.config.use_bias,pipeline.CreateNNModelTask.model.layers.133.config.kernel_initializer.class_name,pipeline.CreateNNModelTask.model.layers.133.config.bias_initializer.class_name,pipeline.CreateNNModelTask.model.layers.133.name,pipeline.CreateNNModelTask.model.layers.133.inbound_nodes.1.1.1,pipeline.CreateNNModelTask.model.layers.133.inbound_nodes.1.1.2,pipeline.CreateNNModelTask.model.layers.133.inbound_nodes.1.1.3,pipeline.CreateNNModelTask.model.layers.134.class_name,pipeline.CreateNNModelTask.model.layers.134.config.name,pipeline.CreateNNModelTask.model.layers.134.config.trainable,pipeline.CreateNNModelTask.model.layers.134.config.dtype,pipeline.CreateNNModelTask.model.layers.134.config.axis.1,pipeline.CreateNNModelTask.model.layers.134.config.momentum,pipeline.CreateNNModelTask.model.layers.134.config.epsilon,pipeline.CreateNNModelTask.model.layers.134.config.center,pipeline.CreateNNModelTask.model.layers.134.config.scale,pipeline.CreateNNModelTask.model.layers.134.config.beta_initializer.class_name,pipeline.CreateNNModelTask.model.layers.134.config.gamma_initializer.class_name,pipeline.CreateNNModelTask.model.layers.134.config.moving_mean_initializer.class_name,pipeline.CreateNNModelTask.model.layers.134.config.moving_variance_initializer.class_name,pipeline.CreateNNModelTask.model.layers.134.name,pipeline.CreateNNModelTask.model.layers.134.inbound_nodes.1.1.1,pipeline.CreateNNModelTask.model.layers.134.inbound_nodes.1.1.2,pipeline.CreateNNModelTask.model.layers.134.inbound_nodes.1.1.3,pipeline.CreateNNModelTask.model.layers.135.class_name,pipeline.CreateNNModelTask.model.layers.135.config.name,pipeline.CreateNNModelTask.model.layers.135.config.trainable,pipeline.CreateNNModelTask.model.layers.135.config.dtype,pipeline.CreateNNModelTask.model.layers.135.config.activation,pipeline.CreateNNModelTask.model.layers.135.name,pipeline.CreateNNModelTask.model.layers.135.inbound_nodes.1.1.1,pipeline.CreateNNModelTask.model.layers.135.inbound_nodes.1.1.2,pipeline.CreateNNModelTask.model.layers.135.inbound_nodes.1.1.3,pipeline.CreateNNModelTask.model.layers.136.class_name,pipeline.CreateNNModelTask.model.layers.136.config.name,pipeline.CreateNNModelTask.model.layers.136.config.trainable,pipeline.CreateNNModelTask.model.layers.136.config.dtype,pipeline.CreateNNModelTask.model.layers.136.config.filters,pipeline.CreateNNModelTask.model.layers.136.config.kernel_size.1,pipeline.CreateNNModelTask.model.layers.136.config.kernel_size.2,pipeline.CreateNNModelTask.model.layers.136.config.strides.1,pipeline.CreateNNModelTask.model.layers.136.config.strides.2,pipeline.CreateNNModelTask.model.layers.136.config.padding,pipeline.CreateNNModelTask.model.layers.136.config.data_format,pipeline.CreateNNModelTask.model.layers.136.config.dilation_rate.1,pipeline.CreateNNModelTask.model.layers.136.config.dilation_rate.2,pipeline.CreateNNModelTask.model.layers.136.config.groups,pipeline.CreateNNModelTask.model.layers.136.config.activation,pipeline.CreateNNModelTask.model.layers.136.config.use_bias,pipeline.CreateNNModelTask.model.layers.136.config.kernel_initializer.class_name,pipeline.CreateNNModelTask.model.layers.136.config.bias_initializer.class_name,pipeline.CreateNNModelTask.model.layers.136.name,pipeline.CreateNNModelTask.model.layers.136.inbound_nodes.1.1.1,pipeline.CreateNNModelTask.model.layers.136.inbound_nodes.1.1.2,pipeline.CreateNNModelTask.model.layers.136.inbound_nodes.1.1.3,pipeline.CreateNNModelTask.model.layers.137.class_name,pipeline.CreateNNModelTask.model.layers.137.config.name,pipeline.CreateNNModelTask.model.layers.137.config.trainable,pipeline.CreateNNModelTask.model.layers.137.config.dtype,pipeline.CreateNNModelTask.model.layers.137.config.axis,pipeline.CreateNNModelTask.model.layers.137.name,pipeline.CreateNNModelTask.model.layers.137.inbound_nodes.1.1.1,pipeline.CreateNNModelTask.model.layers.137.inbound_nodes.1.1.2,pipeline.CreateNNModelTask.model.layers.137.inbound_nodes.1.1.3,pipeline.CreateNNModelTask.model.layers.137.inbound_nodes.1.2.1,pipeline.CreateNNModelTask.model.layers.137.inbound_nodes.1.2.2,pipeline.CreateNNModelTask.model.layers.137.inbound_nodes.1.2.3,pipeline.CreateNNModelTask.model.layers.138.class_name,pipeline.CreateNNModelTask.model.layers.138.config.name,pipeline.CreateNNModelTask.model.layers.138.config.trainable,pipeline.CreateNNModelTask.model.layers.138.config.dtype,pipeline.CreateNNModelTask.model.layers.138.config.axis.1,pipeline.CreateNNModelTask.model.layers.138.config.momentum,pipeline.CreateNNModelTask.model.layers.138.config.epsilon,pipeline.CreateNNModelTask.model.layers.138.config.center,pipeline.CreateNNModelTask.model.layers.138.config.scale,pipeline.CreateNNModelTask.model.layers.138.config.beta_initializer.class_name,pipeline.CreateNNModelTask.model.layers.138.config.gamma_initializer.class_name,pipeline.CreateNNModelTask.model.layers.138.config.moving_mean_initializer.class_name,pipeline.CreateNNModelTask.model.layers.138.config.moving_variance_initializer.class_name,pipeline.CreateNNModelTask.model.layers.138.name,pipeline.CreateNNModelTask.model.layers.138.inbound_nodes.1.1.1,pipeline.CreateNNModelTask.model.layers.138.inbound_nodes.1.1.2,pipeline.CreateNNModelTask.model.layers.138.inbound_nodes.1.1.3,pipeline.CreateNNModelTask.model.layers.139.class_name,pipeline.CreateNNModelTask.model.layers.139.config.name,pipeline.CreateNNModelTask.model.layers.139.config.trainable,pipeline.CreateNNModelTask.model.layers.139.config.dtype,pipeline.CreateNNModelTask.model.layers.139.config.activation,pipeline.CreateNNModelTask.model.layers.139.name,pipeline.CreateNNModelTask.model.layers.139.inbound_nodes.1.1.1,pipeline.CreateNNModelTask.model.layers.139.inbound_nodes.1.1.2,pipeline.CreateNNModelTask.model.layers.139.inbound_nodes.1.1.3,pipeline.CreateNNModelTask.model.layers.140.class_name,pipeline.CreateNNModelTask.model.layers.140.config.name,pipeline.CreateNNModelTask.model.layers.140.config.trainable,pipeline.CreateNNModelTask.model.layers.140.config.dtype,pipeline.CreateNNModelTask.model.layers.140.config.filters,pipeline.CreateNNModelTask.model.layers.140.config.kernel_size.1,pipeline.CreateNNModelTask.model.layers.140.config.kernel_size.2,pipeline.CreateNNModelTask.model.layers.140.config.strides.1,pipeline.CreateNNModelTask.model.layers.140.config.strides.2,pipeline.CreateNNModelTask.model.layers.140.config.padding,pipeline.CreateNNModelTask.model.layers.140.config.data_format,pipeline.CreateNNModelTask.model.layers.140.config.dilation_rate.1,pipeline.CreateNNModelTask.model.layers.140.config.dilation_rate.2,pipeline.CreateNNModelTask.model.layers.140.config.groups,pipeline.CreateNNModelTask.model.layers.140.config.activation,pipeline.CreateNNModelTask.model.layers.140.config.use_bias,pipeline.CreateNNModelTask.model.layers.140.config.kernel_initializer.class_name,pipeline.CreateNNModelTask.model.layers.140.config.bias_initializer.class_name,pipeline.CreateNNModelTask.model.layers.140.name,pipeline.CreateNNModelTask.model.layers.140.inbound_nodes.1.1.1,pipeline.CreateNNModelTask.model.layers.140.inbound_nodes.1.1.2,pipeline.CreateNNModelTask.model.layers.140.inbound_nodes.1.1.3,pipeline.CreateNNModelTask.model.layers.141.class_name,pipeline.CreateNNModelTask.model.layers.141.config.name,pipeline.CreateNNModelTask.model.layers.141.config.trainable,pipeline.CreateNNModelTask.model.layers.141.config.dtype,pipeline.CreateNNModelTask.model.layers.141.config.pool_size.1,pipeline.CreateNNModelTask.model.layers.141.config.pool_size.2,pipeline.CreateNNModelTask.model.layers.141.config.padding,pipeline.CreateNNModelTask.model.layers.141.config.strides.1,pipeline.CreateNNModelTask.model.layers.141.config.strides.2,pipeline.CreateNNModelTask.model.layers.141.config.data_format,pipeline.CreateNNModelTask.model.layers.141.name,pipeline.CreateNNModelTask.model.layers.141.inbound_nodes.1.1.1,pipeline.CreateNNModelTask.model.layers.141.inbound_nodes.1.1.2,pipeline.CreateNNModelTask.model.layers.141.inbound_nodes.1.1.3,pipeline.CreateNNModelTask.model.layers.142.class_name,pipeline.CreateNNModelTask.model.layers.142.config.name,pipeline.CreateNNModelTask.model.layers.142.config.trainable,pipeline.CreateNNModelTask.model.layers.142.config.dtype,pipeline.CreateNNModelTask.model.layers.142.config.axis.1,pipeline.CreateNNModelTask.model.layers.142.config.momentum,pipeline.CreateNNModelTask.model.layers.142.config.epsilon,pipeline.CreateNNModelTask.model.layers.142.config.center,pipeline.CreateNNModelTask.model.layers.142.config.scale,pipeline.CreateNNModelTask.model.layers.142.config.beta_initializer.class_name,pipeline.CreateNNModelTask.model.layers.142.config.gamma_initializer.class_name,pipeline.CreateNNModelTask.model.layers.142.config.moving_mean_initializer.class_name,pipeline.CreateNNModelTask.model.layers.142.config.moving_variance_initializer.class_name,pipeline.CreateNNModelTask.model.layers.142.name,pipeline.CreateNNModelTask.model.layers.142.inbound_nodes.1.1.1,pipeline.CreateNNModelTask.model.layers.142.inbound_nodes.1.1.2,pipeline.CreateNNModelTask.model.layers.142.inbound_nodes.1.1.3,pipeline.CreateNNModelTask.model.layers.143.class_name,pipeline.CreateNNModelTask.model.layers.143.config.name,pipeline.CreateNNModelTask.model.layers.143.config.trainable,pipeline.CreateNNModelTask.model.layers.143.config.dtype,pipeline.CreateNNModelTask.model.layers.143.config.activation,pipeline.CreateNNModelTask.model.layers.143.name,pipeline.CreateNNModelTask.model.layers.143.inbound_nodes.1.1.1,pipeline.CreateNNModelTask.model.layers.143.inbound_nodes.1.1.2,pipeline.CreateNNModelTask.model.layers.143.inbound_nodes.1.1.3,pipeline.CreateNNModelTask.model.layers.144.class_name,pipeline.CreateNNModelTask.model.layers.144.config.name,pipeline.CreateNNModelTask.model.layers.144.config.trainable,pipeline.CreateNNModelTask.model.layers.144.config.dtype,pipeline.CreateNNModelTask.model.layers.144.config.filters,pipeline.CreateNNModelTask.model.layers.144.config.kernel_size.1,pipeline.CreateNNModelTask.model.layers.144.config.kernel_size.2,pipeline.CreateNNModelTask.model.layers.144.config.strides.1,pipeline.CreateNNModelTask.model.layers.144.config.strides.2,pipeline.CreateNNModelTask.model.layers.144.config.padding,pipeline.CreateNNModelTask.model.layers.144.config.data_format,pipeline.CreateNNModelTask.model.layers.144.config.dilation_rate.1,pipeline.CreateNNModelTask.model.layers.144.config.dilation_rate.2,pipeline.CreateNNModelTask.model.layers.144.config.groups,pipeline.CreateNNModelTask.model.layers.144.config.activation,pipeline.CreateNNModelTask.model.layers.144.config.use_bias,pipeline.CreateNNModelTask.model.layers.144.config.kernel_initializer.class_name,pipeline.CreateNNModelTask.model.layers.144.config.bias_initializer.class_name,pipeline.CreateNNModelTask.model.layers.144.name,pipeline.CreateNNModelTask.model.layers.144.inbound_nodes.1.1.1,pipeline.CreateNNModelTask.model.layers.144.inbound_nodes.1.1.2,pipeline.CreateNNModelTask.model.layers.144.inbound_nodes.1.1.3,pipeline.CreateNNModelTask.model.layers.145.class_name,pipeline.CreateNNModelTask.model.layers.145.config.name,pipeline.CreateNNModelTask.model.layers.145.config.trainable,pipeline.CreateNNModelTask.model.layers.145.config.dtype,pipeline.CreateNNModelTask.model.layers.145.config.axis.1,pipeline.CreateNNModelTask.model.layers.145.config.momentum,pipeline.CreateNNModelTask.model.layers.145.config.epsilon,pipeline.CreateNNModelTask.model.layers.145.config.center,pipeline.CreateNNModelTask.model.layers.145.config.scale,pipeline.CreateNNModelTask.model.layers.145.config.beta_initializer.class_name,pipeline.CreateNNModelTask.model.layers.145.config.gamma_initializer.class_name,pipeline.CreateNNModelTask.model.layers.145.config.moving_mean_initializer.class_name,pipeline.CreateNNModelTask.model.layers.145.config.moving_variance_initializer.class_name,pipeline.CreateNNModelTask.model.layers.145.name,pipeline.CreateNNModelTask.model.layers.145.inbound_nodes.1.1.1,pipeline.CreateNNModelTask.model.layers.145.inbound_nodes.1.1.2,pipeline.CreateNNModelTask.model.layers.145.inbound_nodes.1.1.3,pipeline.CreateNNModelTask.model.layers.146.class_name,pipeline.CreateNNModelTask.model.layers.146.config.name,pipeline.CreateNNModelTask.model.layers.146.config.trainable,pipeline.CreateNNModelTask.model.layers.146.config.dtype,pipeline.CreateNNModelTask.model.layers.146.config.activation,pipeline.CreateNNModelTask.model.layers.146.name,pipeline.CreateNNModelTask.model.layers.146.inbound_nodes.1.1.1,pipeline.CreateNNModelTask.model.layers.146.inbound_nodes.1.1.2,pipeline.CreateNNModelTask.model.layers.146.inbound_nodes.1.1.3,pipeline.CreateNNModelTask.model.layers.147.class_name,pipeline.CreateNNModelTask.model.layers.147.config.name,pipeline.CreateNNModelTask.model.layers.147.config.trainable,pipeline.CreateNNModelTask.model.layers.147.config.dtype,pipeline.CreateNNModelTask.model.layers.147.config.filters,pipeline.CreateNNModelTask.model.layers.147.config.kernel_size.1,pipeline.CreateNNModelTask.model.layers.147.config.kernel_size.2,pipeline.CreateNNModelTask.model.layers.147.config.strides.1,pipeline.CreateNNModelTask.model.layers.147.config.strides.2,pipeline.CreateNNModelTask.model.layers.147.config.padding,pipeline.CreateNNModelTask.model.layers.147.config.data_format,pipeline.CreateNNModelTask.model.layers.147.config.dilation_rate.1,pipeline.CreateNNModelTask.model.layers.147.config.dilation_rate.2,pipeline.CreateNNModelTask.model.layers.147.config.groups,pipeline.CreateNNModelTask.model.layers.147.config.activation,pipeline.CreateNNModelTask.model.layers.147.config.use_bias,pipeline.CreateNNModelTask.model.layers.147.config.kernel_initializer.class_name,pipeline.CreateNNModelTask.model.layers.147.config.bias_initializer.class_name,pipeline.CreateNNModelTask.model.layers.147.name,pipeline.CreateNNModelTask.model.layers.147.inbound_nodes.1.1.1,pipeline.CreateNNModelTask.model.layers.147.inbound_nodes.1.1.2,pipeline.CreateNNModelTask.model.layers.147.inbound_nodes.1.1.3,pipeline.CreateNNModelTask.model.layers.148.class_name,pipeline.CreateNNModelTask.model.layers.148.config.name,pipeline.CreateNNModelTask.model.layers.148.config.trainable,pipeline.CreateNNModelTask.model.layers.148.config.dtype,pipeline.CreateNNModelTask.model.layers.148.config.axis,pipeline.CreateNNModelTask.model.layers.148.name,pipeline.CreateNNModelTask.model.layers.148.inbound_nodes.1.1.1,pipeline.CreateNNModelTask.model.layers.148.inbound_nodes.1.1.2,pipeline.CreateNNModelTask.model.layers.148.inbound_nodes.1.1.3,pipeline.CreateNNModelTask.model.layers.148.inbound_nodes.1.2.1,pipeline.CreateNNModelTask.model.layers.148.inbound_nodes.1.2.2,pipeline.CreateNNModelTask.model.layers.148.inbound_nodes.1.2.3,pipeline.CreateNNModelTask.model.layers.149.class_name,pipeline.CreateNNModelTask.model.layers.149.config.name,pipeline.CreateNNModelTask.model.layers.149.config.trainable,pipeline.CreateNNModelTask.model.layers.149.config.dtype,pipeline.CreateNNModelTask.model.layers.149.config.axis.1,pipeline.CreateNNModelTask.model.layers.149.config.momentum,pipeline.CreateNNModelTask.model.layers.149.config.epsilon,pipeline.CreateNNModelTask.model.layers.149.config.center,pipeline.CreateNNModelTask.model.layers.149.config.scale,pipeline.CreateNNModelTask.model.layers.149.config.beta_initializer.class_name,pipeline.CreateNNModelTask.model.layers.149.config.gamma_initializer.class_name,pipeline.CreateNNModelTask.model.layers.149.config.moving_mean_initializer.class_name,pipeline.CreateNNModelTask.model.layers.149.config.moving_variance_initializer.class_name,pipeline.CreateNNModelTask.model.layers.149.name,pipeline.CreateNNModelTask.model.layers.149.inbound_nodes.1.1.1,pipeline.CreateNNModelTask.model.layers.149.inbound_nodes.1.1.2,pipeline.CreateNNModelTask.model.layers.149.inbound_nodes.1.1.3,pipeline.CreateNNModelTask.model.layers.150.class_name,pipeline.CreateNNModelTask.model.layers.150.config.name,pipeline.CreateNNModelTask.model.layers.150.config.trainable,pipeline.CreateNNModelTask.model.layers.150.config.dtype,pipeline.CreateNNModelTask.model.layers.150.config.activation,pipeline.CreateNNModelTask.model.layers.150.name,pipeline.CreateNNModelTask.model.layers.150.inbound_nodes.1.1.1,pipeline.CreateNNModelTask.model.layers.150.inbound_nodes.1.1.2,pipeline.CreateNNModelTask.model.layers.150.inbound_nodes.1.1.3,pipeline.CreateNNModelTask.model.layers.151.class_name,pipeline.CreateNNModelTask.model.layers.151.config.name,pipeline.CreateNNModelTask.model.layers.151.config.trainable,pipeline.CreateNNModelTask.model.layers.151.config.dtype,pipeline.CreateNNModelTask.model.layers.151.config.filters,pipeline.CreateNNModelTask.model.layers.151.config.kernel_size.1,pipeline.CreateNNModelTask.model.layers.151.config.kernel_size.2,pipeline.CreateNNModelTask.model.layers.151.config.strides.1,pipeline.CreateNNModelTask.model.layers.151.config.strides.2,pipeline.CreateNNModelTask.model.layers.151.config.padding,pipeline.CreateNNModelTask.model.layers.151.config.data_format,pipeline.CreateNNModelTask.model.layers.151.config.dilation_rate.1,pipeline.CreateNNModelTask.model.layers.151.config.dilation_rate.2,pipeline.CreateNNModelTask.model.layers.151.config.groups,pipeline.CreateNNModelTask.model.layers.151.config.activation,pipeline.CreateNNModelTask.model.layers.151.config.use_bias,pipeline.CreateNNModelTask.model.layers.151.config.kernel_initializer.class_name,pipeline.CreateNNModelTask.model.layers.151.config.bias_initializer.class_name,pipeline.CreateNNModelTask.model.layers.151.name,pipeline.CreateNNModelTask.model.layers.151.inbound_nodes.1.1.1,pipeline.CreateNNModelTask.model.layers.151.inbound_nodes.1.1.2,pipeline.CreateNNModelTask.model.layers.151.inbound_nodes.1.1.3,pipeline.CreateNNModelTask.model.layers.152.class_name,pipeline.CreateNNModelTask.model.layers.152.config.name,pipeline.CreateNNModelTask.model.layers.152.config.trainable,pipeline.CreateNNModelTask.model.layers.152.config.dtype,pipeline.CreateNNModelTask.model.layers.152.config.axis.1,pipeline.CreateNNModelTask.model.layers.152.config.momentum,pipeline.CreateNNModelTask.model.layers.152.config.epsilon,pipeline.CreateNNModelTask.model.layers.152.config.center,pipeline.CreateNNModelTask.model.layers.152.config.scale,pipeline.CreateNNModelTask.model.layers.152.config.beta_initializer.class_name,pipeline.CreateNNModelTask.model.layers.152.config.gamma_initializer.class_name,pipeline.CreateNNModelTask.model.layers.152.config.moving_mean_initializer.class_name,pipeline.CreateNNModelTask.model.layers.152.config.moving_variance_initializer.class_name,pipeline.CreateNNModelTask.model.layers.152.name,pipeline.CreateNNModelTask.model.layers.152.inbound_nodes.1.1.1,pipeline.CreateNNModelTask.model.layers.152.inbound_nodes.1.1.2,pipeline.CreateNNModelTask.model.layers.152.inbound_nodes.1.1.3,pipeline.CreateNNModelTask.model.layers.153.class_name,pipeline.CreateNNModelTask.model.layers.153.config.name,pipeline.CreateNNModelTask.model.layers.153.config.trainable,pipeline.CreateNNModelTask.model.layers.153.config.dtype,pipeline.CreateNNModelTask.model.layers.153.config.activation,pipeline.CreateNNModelTask.model.layers.153.name,pipeline.CreateNNModelTask.model.layers.153.inbound_nodes.1.1.1,pipeline.CreateNNModelTask.model.layers.153.inbound_nodes.1.1.2,pipeline.CreateNNModelTask.model.layers.153.inbound_nodes.1.1.3,pipeline.CreateNNModelTask.model.layers.154.class_name,pipeline.CreateNNModelTask.model.layers.154.config.name,pipeline.CreateNNModelTask.model.layers.154.config.trainable,pipeline.CreateNNModelTask.model.layers.154.config.dtype,pipeline.CreateNNModelTask.model.layers.154.config.filters,pipeline.CreateNNModelTask.model.layers.154.config.kernel_size.1,pipeline.CreateNNModelTask.model.layers.154.config.kernel_size.2,pipeline.CreateNNModelTask.model.layers.154.config.strides.1,pipeline.CreateNNModelTask.model.layers.154.config.strides.2,pipeline.CreateNNModelTask.model.layers.154.config.padding,pipeline.CreateNNModelTask.model.layers.154.config.data_format,pipeline.CreateNNModelTask.model.layers.154.config.dilation_rate.1,pipeline.CreateNNModelTask.model.layers.154.config.dilation_rate.2,pipeline.CreateNNModelTask.model.layers.154.config.groups,pipeline.CreateNNModelTask.model.layers.154.config.activation,pipeline.CreateNNModelTask.model.layers.154.config.use_bias,pipeline.CreateNNModelTask.model.layers.154.config.kernel_initializer.class_name,pipeline.CreateNNModelTask.model.layers.154.config.bias_initializer.class_name,pipeline.CreateNNModelTask.model.layers.154.name,pipeline.CreateNNModelTask.model.layers.154.inbound_nodes.1.1.1,pipeline.CreateNNModelTask.model.layers.154.inbound_nodes.1.1.2,pipeline.CreateNNModelTask.model.layers.154.inbound_nodes.1.1.3,pipeline.CreateNNModelTask.model.layers.155.class_name,pipeline.CreateNNModelTask.model.layers.155.config.name,pipeline.CreateNNModelTask.model.layers.155.config.trainable,pipeline.CreateNNModelTask.model.layers.155.config.dtype,pipeline.CreateNNModelTask.model.layers.155.config.axis,pipeline.CreateNNModelTask.model.layers.155.name,pipeline.CreateNNModelTask.model.layers.155.inbound_nodes.1.1.1,pipeline.CreateNNModelTask.model.layers.155.inbound_nodes.1.1.2,pipeline.CreateNNModelTask.model.layers.155.inbound_nodes.1.1.3,pipeline.CreateNNModelTask.model.layers.155.inbound_nodes.1.2.1,pipeline.CreateNNModelTask.model.layers.155.inbound_nodes.1.2.2,pipeline.CreateNNModelTask.model.layers.155.inbound_nodes.1.2.3,pipeline.CreateNNModelTask.model.layers.156.class_name,pipeline.CreateNNModelTask.model.layers.156.config.name,pipeline.CreateNNModelTask.model.layers.156.config.trainable,pipeline.CreateNNModelTask.model.layers.156.config.dtype,pipeline.CreateNNModelTask.model.layers.156.config.axis.1,pipeline.CreateNNModelTask.model.layers.156.config.momentum,pipeline.CreateNNModelTask.model.layers.156.config.epsilon,pipeline.CreateNNModelTask.model.layers.156.config.center,pipeline.CreateNNModelTask.model.layers.156.config.scale,pipeline.CreateNNModelTask.model.layers.156.config.beta_initializer.class_name,pipeline.CreateNNModelTask.model.layers.156.config.gamma_initializer.class_name,pipeline.CreateNNModelTask.model.layers.156.config.moving_mean_initializer.class_name,pipeline.CreateNNModelTask.model.layers.156.config.moving_variance_initializer.class_name,pipeline.CreateNNModelTask.model.layers.156.name,pipeline.CreateNNModelTask.model.layers.156.inbound_nodes.1.1.1,pipeline.CreateNNModelTask.model.layers.156.inbound_nodes.1.1.2,pipeline.CreateNNModelTask.model.layers.156.inbound_nodes.1.1.3,pipeline.CreateNNModelTask.model.layers.157.class_name,pipeline.CreateNNModelTask.model.layers.157.config.name,pipeline.CreateNNModelTask.model.layers.157.config.trainable,pipeline.CreateNNModelTask.model.layers.157.config.dtype,pipeline.CreateNNModelTask.model.layers.157.config.activation,pipeline.CreateNNModelTask.model.layers.157.name,pipeline.CreateNNModelTask.model.layers.157.inbound_nodes.1.1.1,pipeline.CreateNNModelTask.model.layers.157.inbound_nodes.1.1.2,pipeline.CreateNNModelTask.model.layers.157.inbound_nodes.1.1.3,pipeline.CreateNNModelTask.model.layers.158.class_name,pipeline.CreateNNModelTask.model.layers.158.config.name,pipeline.CreateNNModelTask.model.layers.158.config.trainable,pipeline.CreateNNModelTask.model.layers.158.config.dtype,pipeline.CreateNNModelTask.model.layers.158.config.filters,pipeline.CreateNNModelTask.model.layers.158.config.kernel_size.1,pipeline.CreateNNModelTask.model.layers.158.config.kernel_size.2,pipeline.CreateNNModelTask.model.layers.158.config.strides.1,pipeline.CreateNNModelTask.model.layers.158.config.strides.2,pipeline.CreateNNModelTask.model.layers.158.config.padding,pipeline.CreateNNModelTask.model.layers.158.config.data_format,pipeline.CreateNNModelTask.model.layers.158.config.dilation_rate.1,pipeline.CreateNNModelTask.model.layers.158.config.dilation_rate.2,pipeline.CreateNNModelTask.model.layers.158.config.groups,pipeline.CreateNNModelTask.model.layers.158.config.activation,pipeline.CreateNNModelTask.model.layers.158.config.use_bias,pipeline.CreateNNModelTask.model.layers.158.config.kernel_initializer.class_name,pipeline.CreateNNModelTask.model.layers.158.config.bias_initializer.class_name,pipeline.CreateNNModelTask.model.layers.158.name,pipeline.CreateNNModelTask.model.layers.158.inbound_nodes.1.1.1,pipeline.CreateNNModelTask.model.layers.158.inbound_nodes.1.1.2,pipeline.CreateNNModelTask.model.layers.158.inbound_nodes.1.1.3,pipeline.CreateNNModelTask.model.layers.159.class_name,pipeline.CreateNNModelTask.model.layers.159.config.name,pipeline.CreateNNModelTask.model.layers.159.config.trainable,pipeline.CreateNNModelTask.model.layers.159.config.dtype,pipeline.CreateNNModelTask.model.layers.159.config.axis.1,pipeline.CreateNNModelTask.model.layers.159.config.momentum,pipeline.CreateNNModelTask.model.layers.159.config.epsilon,pipeline.CreateNNModelTask.model.layers.159.config.center,pipeline.CreateNNModelTask.model.layers.159.config.scale,pipeline.CreateNNModelTask.model.layers.159.config.beta_initializer.class_name,pipeline.CreateNNModelTask.model.layers.159.config.gamma_initializer.class_name,pipeline.CreateNNModelTask.model.layers.159.config.moving_mean_initializer.class_name,pipeline.CreateNNModelTask.model.layers.159.config.moving_variance_initializer.class_name,pipeline.CreateNNModelTask.model.layers.159.name,pipeline.CreateNNModelTask.model.layers.159.inbound_nodes.1.1.1,pipeline.CreateNNModelTask.model.layers.159.inbound_nodes.1.1.2,pipeline.CreateNNModelTask.model.layers.159.inbound_nodes.1.1.3,pipeline.CreateNNModelTask.model.layers.160.class_name,pipeline.CreateNNModelTask.model.layers.160.config.name,pipeline.CreateNNModelTask.model.layers.160.config.trainable,pipeline.CreateNNModelTask.model.layers.160.config.dtype,pipeline.CreateNNModelTask.model.layers.160.config.activation,pipeline.CreateNNModelTask.model.layers.160.name,pipeline.CreateNNModelTask.model.layers.160.inbound_nodes.1.1.1,pipeline.CreateNNModelTask.model.layers.160.inbound_nodes.1.1.2,pipeline.CreateNNModelTask.model.layers.160.inbound_nodes.1.1.3,pipeline.CreateNNModelTask.model.layers.161.class_name,pipeline.CreateNNModelTask.model.layers.161.config.name,pipeline.CreateNNModelTask.model.layers.161.config.trainable,pipeline.CreateNNModelTask.model.layers.161.config.dtype,pipeline.CreateNNModelTask.model.layers.161.config.filters,pipeline.CreateNNModelTask.model.layers.161.config.kernel_size.1,pipeline.CreateNNModelTask.model.layers.161.config.kernel_size.2,pipeline.CreateNNModelTask.model.layers.161.config.strides.1,pipeline.CreateNNModelTask.model.layers.161.config.strides.2,pipeline.CreateNNModelTask.model.layers.161.config.padding,pipeline.CreateNNModelTask.model.layers.161.config.data_format,pipeline.CreateNNModelTask.model.layers.161.config.dilation_rate.1,pipeline.CreateNNModelTask.model.layers.161.config.dilation_rate.2,pipeline.CreateNNModelTask.model.layers.161.config.groups,pipeline.CreateNNModelTask.model.layers.161.config.activation,pipeline.CreateNNModelTask.model.layers.161.config.use_bias,pipeline.CreateNNModelTask.model.layers.161.config.kernel_initializer.class_name,pipeline.CreateNNModelTask.model.layers.161.config.bias_initializer.class_name,pipeline.CreateNNModelTask.model.layers.161.name,pipeline.CreateNNModelTask.model.layers.161.inbound_nodes.1.1.1,pipeline.CreateNNModelTask.model.layers.161.inbound_nodes.1.1.2,pipeline.CreateNNModelTask.model.layers.161.inbound_nodes.1.1.3,pipeline.CreateNNModelTask.model.layers.162.class_name,pipeline.CreateNNModelTask.model.layers.162.config.name,pipeline.CreateNNModelTask.model.layers.162.config.trainable,pipeline.CreateNNModelTask.model.layers.162.config.dtype,pipeline.CreateNNModelTask.model.layers.162.config.axis,pipeline.CreateNNModelTask.model.layers.162.name,pipeline.CreateNNModelTask.model.layers.162.inbound_nodes.1.1.1,pipeline.CreateNNModelTask.model.layers.162.inbound_nodes.1.1.2,pipeline.CreateNNModelTask.model.layers.162.inbound_nodes.1.1.3,pipeline.CreateNNModelTask.model.layers.162.inbound_nodes.1.2.1,pipeline.CreateNNModelTask.model.layers.162.inbound_nodes.1.2.2,pipeline.CreateNNModelTask.model.layers.162.inbound_nodes.1.2.3,pipeline.CreateNNModelTask.model.layers.163.class_name,pipeline.CreateNNModelTask.model.layers.163.config.name,pipeline.CreateNNModelTask.model.layers.163.config.trainable,pipeline.CreateNNModelTask.model.layers.163.config.dtype,pipeline.CreateNNModelTask.model.layers.163.config.axis.1,pipeline.CreateNNModelTask.model.layers.163.config.momentum,pipeline.CreateNNModelTask.model.layers.163.config.epsilon,pipeline.CreateNNModelTask.model.layers.163.config.center,pipeline.CreateNNModelTask.model.layers.163.config.scale,pipeline.CreateNNModelTask.model.layers.163.config.beta_initializer.class_name,pipeline.CreateNNModelTask.model.layers.163.config.gamma_initializer.class_name,pipeline.CreateNNModelTask.model.layers.163.config.moving_mean_initializer.class_name,pipeline.CreateNNModelTask.model.layers.163.config.moving_variance_initializer.class_name,pipeline.CreateNNModelTask.model.layers.163.name,pipeline.CreateNNModelTask.model.layers.163.inbound_nodes.1.1.1,pipeline.CreateNNModelTask.model.layers.163.inbound_nodes.1.1.2,pipeline.CreateNNModelTask.model.layers.163.inbound_nodes.1.1.3,pipeline.CreateNNModelTask.model.layers.164.class_name,pipeline.CreateNNModelTask.model.layers.164.config.name,pipeline.CreateNNModelTask.model.layers.164.config.trainable,pipeline.CreateNNModelTask.model.layers.164.config.dtype,pipeline.CreateNNModelTask.model.layers.164.config.activation,pipeline.CreateNNModelTask.model.layers.164.name,pipeline.CreateNNModelTask.model.layers.164.inbound_nodes.1.1.1,pipeline.CreateNNModelTask.model.layers.164.inbound_nodes.1.1.2,pipeline.CreateNNModelTask.model.layers.164.inbound_nodes.1.1.3,pipeline.CreateNNModelTask.model.layers.165.class_name,pipeline.CreateNNModelTask.model.layers.165.config.name,pipeline.CreateNNModelTask.model.layers.165.config.trainable,pipeline.CreateNNModelTask.model.layers.165.config.dtype,pipeline.CreateNNModelTask.model.layers.165.config.filters,pipeline.CreateNNModelTask.model.layers.165.config.kernel_size.1,pipeline.CreateNNModelTask.model.layers.165.config.kernel_size.2,pipeline.CreateNNModelTask.model.layers.165.config.strides.1,pipeline.CreateNNModelTask.model.layers.165.config.strides.2,pipeline.CreateNNModelTask.model.layers.165.config.padding,pipeline.CreateNNModelTask.model.layers.165.config.data_format,pipeline.CreateNNModelTask.model.layers.165.config.dilation_rate.1,pipeline.CreateNNModelTask.model.layers.165.config.dilation_rate.2,pipeline.CreateNNModelTask.model.layers.165.config.groups,pipeline.CreateNNModelTask.model.layers.165.config.activation,pipeline.CreateNNModelTask.model.layers.165.config.use_bias,pipeline.CreateNNModelTask.model.layers.165.config.kernel_initializer.class_name,pipeline.CreateNNModelTask.model.layers.165.config.bias_initializer.class_name,pipeline.CreateNNModelTask.model.layers.165.name,pipeline.CreateNNModelTask.model.layers.165.inbound_nodes.1.1.1,pipeline.CreateNNModelTask.model.layers.165.inbound_nodes.1.1.2,pipeline.CreateNNModelTask.model.layers.165.inbound_nodes.1.1.3,pipeline.CreateNNModelTask.model.layers.166.class_name,pipeline.CreateNNModelTask.model.layers.166.config.name,pipeline.CreateNNModelTask.model.layers.166.config.trainable,pipeline.CreateNNModelTask.model.layers.166.config.dtype,pipeline.CreateNNModelTask.model.layers.166.config.axis.1,pipeline.CreateNNModelTask.model.layers.166.config.momentum,pipeline.CreateNNModelTask.model.layers.166.config.epsilon,pipeline.CreateNNModelTask.model.layers.166.config.center,pipeline.CreateNNModelTask.model.layers.166.config.scale,pipeline.CreateNNModelTask.model.layers.166.config.beta_initializer.class_name,pipeline.CreateNNModelTask.model.layers.166.config.gamma_initializer.class_name,pipeline.CreateNNModelTask.model.layers.166.config.moving_mean_initializer.class_name,pipeline.CreateNNModelTask.model.layers.166.config.moving_variance_initializer.class_name,pipeline.CreateNNModelTask.model.layers.166.name,pipeline.CreateNNModelTask.model.layers.166.inbound_nodes.1.1.1,pipeline.CreateNNModelTask.model.layers.166.inbound_nodes.1.1.2,pipeline.CreateNNModelTask.model.layers.166.inbound_nodes.1.1.3,pipeline.CreateNNModelTask.model.layers.167.class_name,pipeline.CreateNNModelTask.model.layers.167.config.name,pipeline.CreateNNModelTask.model.layers.167.config.trainable,pipeline.CreateNNModelTask.model.layers.167.config.dtype,pipeline.CreateNNModelTask.model.layers.167.config.activation,pipeline.CreateNNModelTask.model.layers.167.name,pipeline.CreateNNModelTask.model.layers.167.inbound_nodes.1.1.1,pipeline.CreateNNModelTask.model.layers.167.inbound_nodes.1.1.2,pipeline.CreateNNModelTask.model.layers.167.inbound_nodes.1.1.3,pipeline.CreateNNModelTask.model.layers.168.class_name,pipeline.CreateNNModelTask.model.layers.168.config.name,pipeline.CreateNNModelTask.model.layers.168.config.trainable,pipeline.CreateNNModelTask.model.layers.168.config.dtype,pipeline.CreateNNModelTask.model.layers.168.config.filters,pipeline.CreateNNModelTask.model.layers.168.config.kernel_size.1,pipeline.CreateNNModelTask.model.layers.168.config.kernel_size.2,pipeline.CreateNNModelTask.model.layers.168.config.strides.1,pipeline.CreateNNModelTask.model.layers.168.config.strides.2,pipeline.CreateNNModelTask.model.layers.168.config.padding,pipeline.CreateNNModelTask.model.layers.168.config.data_format,pipeline.CreateNNModelTask.model.layers.168.config.dilation_rate.1,pipeline.CreateNNModelTask.model.layers.168.config.dilation_rate.2,pipeline.CreateNNModelTask.model.layers.168.config.groups,pipeline.CreateNNModelTask.model.layers.168.config.activation,pipeline.CreateNNModelTask.model.layers.168.config.use_bias,pipeline.CreateNNModelTask.model.layers.168.config.kernel_initializer.class_name,pipeline.CreateNNModelTask.model.layers.168.config.bias_initializer.class_name,pipeline.CreateNNModelTask.model.layers.168.name,pipeline.CreateNNModelTask.model.layers.168.inbound_nodes.1.1.1,pipeline.CreateNNModelTask.model.layers.168.inbound_nodes.1.1.2,pipeline.CreateNNModelTask.model.layers.168.inbound_nodes.1.1.3,pipeline.CreateNNModelTask.model.layers.169.class_name,pipeline.CreateNNModelTask.model.layers.169.config.name,pipeline.CreateNNModelTask.model.layers.169.config.trainable,pipeline.CreateNNModelTask.model.layers.169.config.dtype,pipeline.CreateNNModelTask.model.layers.169.config.axis,pipeline.CreateNNModelTask.model.layers.169.name,pipeline.CreateNNModelTask.model.layers.169.inbound_nodes.1.1.1,pipeline.CreateNNModelTask.model.layers.169.inbound_nodes.1.1.2,pipeline.CreateNNModelTask.model.layers.169.inbound_nodes.1.1.3,pipeline.CreateNNModelTask.model.layers.169.inbound_nodes.1.2.1,pipeline.CreateNNModelTask.model.layers.169.inbound_nodes.1.2.2,pipeline.CreateNNModelTask.model.layers.169.inbound_nodes.1.2.3,pipeline.CreateNNModelTask.model.layers.170.class_name,pipeline.CreateNNModelTask.model.layers.170.config.name,pipeline.CreateNNModelTask.model.layers.170.config.trainable,pipeline.CreateNNModelTask.model.layers.170.config.dtype,pipeline.CreateNNModelTask.model.layers.170.config.axis.1,pipeline.CreateNNModelTask.model.layers.170.config.momentum,pipeline.CreateNNModelTask.model.layers.170.config.epsilon,pipeline.CreateNNModelTask.model.layers.170.config.center,pipeline.CreateNNModelTask.model.layers.170.config.scale,pipeline.CreateNNModelTask.model.layers.170.config.beta_initializer.class_name,pipeline.CreateNNModelTask.model.layers.170.config.gamma_initializer.class_name,pipeline.CreateNNModelTask.model.layers.170.config.moving_mean_initializer.class_name,pipeline.CreateNNModelTask.model.layers.170.config.moving_variance_initializer.class_name,pipeline.CreateNNModelTask.model.layers.170.name,pipeline.CreateNNModelTask.model.layers.170.inbound_nodes.1.1.1,pipeline.CreateNNModelTask.model.layers.170.inbound_nodes.1.1.2,pipeline.CreateNNModelTask.model.layers.170.inbound_nodes.1.1.3,pipeline.CreateNNModelTask.model.layers.171.class_name,pipeline.CreateNNModelTask.model.layers.171.config.name,pipeline.CreateNNModelTask.model.layers.171.config.trainable,pipeline.CreateNNModelTask.model.layers.171.config.dtype,pipeline.CreateNNModelTask.model.layers.171.config.activation,pipeline.CreateNNModelTask.model.layers.171.name,pipeline.CreateNNModelTask.model.layers.171.inbound_nodes.1.1.1,pipeline.CreateNNModelTask.model.layers.171.inbound_nodes.1.1.2,pipeline.CreateNNModelTask.model.layers.171.inbound_nodes.1.1.3,pipeline.CreateNNModelTask.model.layers.172.class_name,pipeline.CreateNNModelTask.model.layers.172.config.name,pipeline.CreateNNModelTask.model.layers.172.config.trainable,pipeline.CreateNNModelTask.model.layers.172.config.dtype,pipeline.CreateNNModelTask.model.layers.172.config.filters,pipeline.CreateNNModelTask.model.layers.172.config.kernel_size.1,pipeline.CreateNNModelTask.model.layers.172.config.kernel_size.2,pipeline.CreateNNModelTask.model.layers.172.config.strides.1,pipeline.CreateNNModelTask.model.layers.172.config.strides.2,pipeline.CreateNNModelTask.model.layers.172.config.padding,pipeline.CreateNNModelTask.model.layers.172.config.data_format,pipeline.CreateNNModelTask.model.layers.172.config.dilation_rate.1,pipeline.CreateNNModelTask.model.layers.172.config.dilation_rate.2,pipeline.CreateNNModelTask.model.layers.172.config.groups,pipeline.CreateNNModelTask.model.layers.172.config.activation,pipeline.CreateNNModelTask.model.layers.172.config.use_bias,pipeline.CreateNNModelTask.model.layers.172.config.kernel_initializer.class_name,pipeline.CreateNNModelTask.model.layers.172.config.bias_initializer.class_name,pipeline.CreateNNModelTask.model.layers.172.name,pipeline.CreateNNModelTask.model.layers.172.inbound_nodes.1.1.1,pipeline.CreateNNModelTask.model.layers.172.inbound_nodes.1.1.2,pipeline.CreateNNModelTask.model.layers.172.inbound_nodes.1.1.3,pipeline.CreateNNModelTask.model.layers.173.class_name,pipeline.CreateNNModelTask.model.layers.173.config.name,pipeline.CreateNNModelTask.model.layers.173.config.trainable,pipeline.CreateNNModelTask.model.layers.173.config.dtype,pipeline.CreateNNModelTask.model.layers.173.config.axis.1,pipeline.CreateNNModelTask.model.layers.173.config.momentum,pipeline.CreateNNModelTask.model.layers.173.config.epsilon,pipeline.CreateNNModelTask.model.layers.173.config.center,pipeline.CreateNNModelTask.model.layers.173.config.scale,pipeline.CreateNNModelTask.model.layers.173.config.beta_initializer.class_name,pipeline.CreateNNModelTask.model.layers.173.config.gamma_initializer.class_name,pipeline.CreateNNModelTask.model.layers.173.config.moving_mean_initializer.class_name,pipeline.CreateNNModelTask.model.layers.173.config.moving_variance_initializer.class_name,pipeline.CreateNNModelTask.model.layers.173.name,pipeline.CreateNNModelTask.model.layers.173.inbound_nodes.1.1.1,pipeline.CreateNNModelTask.model.layers.173.inbound_nodes.1.1.2,pipeline.CreateNNModelTask.model.layers.173.inbound_nodes.1.1.3,pipeline.CreateNNModelTask.model.layers.174.class_name,pipeline.CreateNNModelTask.model.layers.174.config.name,pipeline.CreateNNModelTask.model.layers.174.config.trainable,pipeline.CreateNNModelTask.model.layers.174.config.dtype,pipeline.CreateNNModelTask.model.layers.174.config.activation,pipeline.CreateNNModelTask.model.layers.174.name,pipeline.CreateNNModelTask.model.layers.174.inbound_nodes.1.1.1,pipeline.CreateNNModelTask.model.layers.174.inbound_nodes.1.1.2,pipeline.CreateNNModelTask.model.layers.174.inbound_nodes.1.1.3,pipeline.CreateNNModelTask.model.layers.175.class_name,pipeline.CreateNNModelTask.model.layers.175.config.name,pipeline.CreateNNModelTask.model.layers.175.config.trainable,pipeline.CreateNNModelTask.model.layers.175.config.dtype,pipeline.CreateNNModelTask.model.layers.175.config.filters,pipeline.CreateNNModelTask.model.layers.175.config.kernel_size.1,pipeline.CreateNNModelTask.model.layers.175.config.kernel_size.2,pipeline.CreateNNModelTask.model.layers.175.config.strides.1,pipeline.CreateNNModelTask.model.layers.175.config.strides.2,pipeline.CreateNNModelTask.model.layers.175.config.padding,pipeline.CreateNNModelTask.model.layers.175.config.data_format,pipeline.CreateNNModelTask.model.layers.175.config.dilation_rate.1,pipeline.CreateNNModelTask.model.layers.175.config.dilation_rate.2,pipeline.CreateNNModelTask.model.layers.175.config.groups,pipeline.CreateNNModelTask.model.layers.175.config.activation,pipeline.CreateNNModelTask.model.layers.175.config.use_bias,pipeline.CreateNNModelTask.model.layers.175.config.kernel_initializer.class_name,pipeline.CreateNNModelTask.model.layers.175.config.bias_initializer.class_name,pipeline.CreateNNModelTask.model.layers.175.name,pipeline.CreateNNModelTask.model.layers.175.inbound_nodes.1.1.1,pipeline.CreateNNModelTask.model.layers.175.inbound_nodes.1.1.2,pipeline.CreateNNModelTask.model.layers.175.inbound_nodes.1.1.3,pipeline.CreateNNModelTask.model.layers.176.class_name,pipeline.CreateNNModelTask.model.layers.176.config.name,pipeline.CreateNNModelTask.model.layers.176.config.trainable,pipeline.CreateNNModelTask.model.layers.176.config.dtype,pipeline.CreateNNModelTask.model.layers.176.config.axis,pipeline.CreateNNModelTask.model.layers.176.name,pipeline.CreateNNModelTask.model.layers.176.inbound_nodes.1.1.1,pipeline.CreateNNModelTask.model.layers.176.inbound_nodes.1.1.2,pipeline.CreateNNModelTask.model.layers.176.inbound_nodes.1.1.3,pipeline.CreateNNModelTask.model.layers.176.inbound_nodes.1.2.1,pipeline.CreateNNModelTask.model.layers.176.inbound_nodes.1.2.2,pipeline.CreateNNModelTask.model.layers.176.inbound_nodes.1.2.3,pipeline.CreateNNModelTask.model.layers.177.class_name,pipeline.CreateNNModelTask.model.layers.177.config.name,pipeline.CreateNNModelTask.model.layers.177.config.trainable,pipeline.CreateNNModelTask.model.layers.177.config.dtype,pipeline.CreateNNModelTask.model.layers.177.config.axis.1,pipeline.CreateNNModelTask.model.layers.177.config.momentum,pipeline.CreateNNModelTask.model.layers.177.config.epsilon,pipeline.CreateNNModelTask.model.layers.177.config.center,pipeline.CreateNNModelTask.model.layers.177.config.scale,pipeline.CreateNNModelTask.model.layers.177.config.beta_initializer.class_name,pipeline.CreateNNModelTask.model.layers.177.config.gamma_initializer.class_name,pipeline.CreateNNModelTask.model.layers.177.config.moving_mean_initializer.class_name,pipeline.CreateNNModelTask.model.layers.177.config.moving_variance_initializer.class_name,pipeline.CreateNNModelTask.model.layers.177.name,pipeline.CreateNNModelTask.model.layers.177.inbound_nodes.1.1.1,pipeline.CreateNNModelTask.model.layers.177.inbound_nodes.1.1.2,pipeline.CreateNNModelTask.model.layers.177.inbound_nodes.1.1.3,pipeline.CreateNNModelTask.model.layers.178.class_name,pipeline.CreateNNModelTask.model.layers.178.config.name,pipeline.CreateNNModelTask.model.layers.178.config.trainable,pipeline.CreateNNModelTask.model.layers.178.config.dtype,pipeline.CreateNNModelTask.model.layers.178.config.activation,pipeline.CreateNNModelTask.model.layers.178.name,pipeline.CreateNNModelTask.model.layers.178.inbound_nodes.1.1.1,pipeline.CreateNNModelTask.model.layers.178.inbound_nodes.1.1.2,pipeline.CreateNNModelTask.model.layers.178.inbound_nodes.1.1.3,pipeline.CreateNNModelTask.model.layers.179.class_name,pipeline.CreateNNModelTask.model.layers.179.config.name,pipeline.CreateNNModelTask.model.layers.179.config.trainable,pipeline.CreateNNModelTask.model.layers.179.config.dtype,pipeline.CreateNNModelTask.model.layers.179.config.filters,pipeline.CreateNNModelTask.model.layers.179.config.kernel_size.1,pipeline.CreateNNModelTask.model.layers.179.config.kernel_size.2,pipeline.CreateNNModelTask.model.layers.179.config.strides.1,pipeline.CreateNNModelTask.model.layers.179.config.strides.2,pipeline.CreateNNModelTask.model.layers.179.config.padding,pipeline.CreateNNModelTask.model.layers.179.config.data_format,pipeline.CreateNNModelTask.model.layers.179.config.dilation_rate.1,pipeline.CreateNNModelTask.model.layers.179.config.dilation_rate.2,pipeline.CreateNNModelTask.model.layers.179.config.groups,pipeline.CreateNNModelTask.model.layers.179.config.activation,pipeline.CreateNNModelTask.model.layers.179.config.use_bias,pipeline.CreateNNModelTask.model.layers.179.config.kernel_initializer.class_name,pipeline.CreateNNModelTask.model.layers.179.config.bias_initializer.class_name,pipeline.CreateNNModelTask.model.layers.179.name,pipeline.CreateNNModelTask.model.layers.179.inbound_nodes.1.1.1,pipeline.CreateNNModelTask.model.layers.179.inbound_nodes.1.1.2,pipeline.CreateNNModelTask.model.layers.179.inbound_nodes.1.1.3,pipeline.CreateNNModelTask.model.layers.180.class_name,pipeline.CreateNNModelTask.model.layers.180.config.name,pipeline.CreateNNModelTask.model.layers.180.config.trainable,pipeline.CreateNNModelTask.model.layers.180.config.dtype,pipeline.CreateNNModelTask.model.layers.180.config.axis.1,pipeline.CreateNNModelTask.model.layers.180.config.momentum,pipeline.CreateNNModelTask.model.layers.180.config.epsilon,pipeline.CreateNNModelTask.model.layers.180.config.center,pipeline.CreateNNModelTask.model.layers.180.config.scale,pipeline.CreateNNModelTask.model.layers.180.config.beta_initializer.class_name,pipeline.CreateNNModelTask.model.layers.180.config.gamma_initializer.class_name,pipeline.CreateNNModelTask.model.layers.180.config.moving_mean_initializer.class_name,pipeline.CreateNNModelTask.model.layers.180.config.moving_variance_initializer.class_name,pipeline.CreateNNModelTask.model.layers.180.name,pipeline.CreateNNModelTask.model.layers.180.inbound_nodes.1.1.1,pipeline.CreateNNModelTask.model.layers.180.inbound_nodes.1.1.2,pipeline.CreateNNModelTask.model.layers.180.inbound_nodes.1.1.3,pipeline.CreateNNModelTask.model.layers.181.class_name,pipeline.CreateNNModelTask.model.layers.181.config.name,pipeline.CreateNNModelTask.model.layers.181.config.trainable,pipeline.CreateNNModelTask.model.layers.181.config.dtype,pipeline.CreateNNModelTask.model.layers.181.config.activation,pipeline.CreateNNModelTask.model.layers.181.name,pipeline.CreateNNModelTask.model.layers.181.inbound_nodes.1.1.1,pipeline.CreateNNModelTask.model.layers.181.inbound_nodes.1.1.2,pipeline.CreateNNModelTask.model.layers.181.inbound_nodes.1.1.3,pipeline.CreateNNModelTask.model.layers.182.class_name,pipeline.CreateNNModelTask.model.layers.182.config.name,pipeline.CreateNNModelTask.model.layers.182.config.trainable,pipeline.CreateNNModelTask.model.layers.182.config.dtype,pipeline.CreateNNModelTask.model.layers.182.config.filters,pipeline.CreateNNModelTask.model.layers.182.config.kernel_size.1,pipeline.CreateNNModelTask.model.layers.182.config.kernel_size.2,pipeline.CreateNNModelTask.model.layers.182.config.strides.1,pipeline.CreateNNModelTask.model.layers.182.config.strides.2,pipeline.CreateNNModelTask.model.layers.182.config.padding,pipeline.CreateNNModelTask.model.layers.182.config.data_format,pipeline.CreateNNModelTask.model.layers.182.config.dilation_rate.1,pipeline.CreateNNModelTask.model.layers.182.config.dilation_rate.2,pipeline.CreateNNModelTask.model.layers.182.config.groups,pipeline.CreateNNModelTask.model.layers.182.config.activation,pipeline.CreateNNModelTask.model.layers.182.config.use_bias,pipeline.CreateNNModelTask.model.layers.182.config.kernel_initializer.class_name,pipeline.CreateNNModelTask.model.layers.182.config.bias_initializer.class_name,pipeline.CreateNNModelTask.model.layers.182.name,pipeline.CreateNNModelTask.model.layers.182.inbound_nodes.1.1.1,pipeline.CreateNNModelTask.model.layers.182.inbound_nodes.1.1.2,pipeline.CreateNNModelTask.model.layers.182.inbound_nodes.1.1.3,pipeline.CreateNNModelTask.model.layers.183.class_name,pipeline.CreateNNModelTask.model.layers.183.config.name,pipeline.CreateNNModelTask.model.layers.183.config.trainable,pipeline.CreateNNModelTask.model.layers.183.config.dtype,pipeline.CreateNNModelTask.model.layers.183.config.axis,pipeline.CreateNNModelTask.model.layers.183.name,pipeline.CreateNNModelTask.model.layers.183.inbound_nodes.1.1.1,pipeline.CreateNNModelTask.model.layers.183.inbound_nodes.1.1.2,pipeline.CreateNNModelTask.model.layers.183.inbound_nodes.1.1.3,pipeline.CreateNNModelTask.model.layers.183.inbound_nodes.1.2.1,pipeline.CreateNNModelTask.model.layers.183.inbound_nodes.1.2.2,pipeline.CreateNNModelTask.model.layers.183.inbound_nodes.1.2.3,pipeline.CreateNNModelTask.model.layers.184.class_name,pipeline.CreateNNModelTask.model.layers.184.config.name,pipeline.CreateNNModelTask.model.layers.184.config.trainable,pipeline.CreateNNModelTask.model.layers.184.config.dtype,pipeline.CreateNNModelTask.model.layers.184.config.axis.1,pipeline.CreateNNModelTask.model.layers.184.config.momentum,pipeline.CreateNNModelTask.model.layers.184.config.epsilon,pipeline.CreateNNModelTask.model.layers.184.config.center,pipeline.CreateNNModelTask.model.layers.184.config.scale,pipeline.CreateNNModelTask.model.layers.184.config.beta_initializer.class_name,pipeline.CreateNNModelTask.model.layers.184.config.gamma_initializer.class_name,pipeline.CreateNNModelTask.model.layers.184.config.moving_mean_initializer.class_name,pipeline.CreateNNModelTask.model.layers.184.config.moving_variance_initializer.class_name,pipeline.CreateNNModelTask.model.layers.184.name,pipeline.CreateNNModelTask.model.layers.184.inbound_nodes.1.1.1,pipeline.CreateNNModelTask.model.layers.184.inbound_nodes.1.1.2,pipeline.CreateNNModelTask.model.layers.184.inbound_nodes.1.1.3,pipeline.CreateNNModelTask.model.layers.185.class_name,pipeline.CreateNNModelTask.model.layers.185.config.name,pipeline.CreateNNModelTask.model.layers.185.config.trainable,pipeline.CreateNNModelTask.model.layers.185.config.dtype,pipeline.CreateNNModelTask.model.layers.185.config.activation,pipeline.CreateNNModelTask.model.layers.185.name,pipeline.CreateNNModelTask.model.layers.185.inbound_nodes.1.1.1,pipeline.CreateNNModelTask.model.layers.185.inbound_nodes.1.1.2,pipeline.CreateNNModelTask.model.layers.185.inbound_nodes.1.1.3,pipeline.CreateNNModelTask.model.layers.186.class_name,pipeline.CreateNNModelTask.model.layers.186.config.name,pipeline.CreateNNModelTask.model.layers.186.config.trainable,pipeline.CreateNNModelTask.model.layers.186.config.dtype,pipeline.CreateNNModelTask.model.layers.186.config.filters,pipeline.CreateNNModelTask.model.layers.186.config.kernel_size.1,pipeline.CreateNNModelTask.model.layers.186.config.kernel_size.2,pipeline.CreateNNModelTask.model.layers.186.config.strides.1,pipeline.CreateNNModelTask.model.layers.186.config.strides.2,pipeline.CreateNNModelTask.model.layers.186.config.padding,pipeline.CreateNNModelTask.model.layers.186.config.data_format,pipeline.CreateNNModelTask.model.layers.186.config.dilation_rate.1,pipeline.CreateNNModelTask.model.layers.186.config.dilation_rate.2,pipeline.CreateNNModelTask.model.layers.186.config.groups,pipeline.CreateNNModelTask.model.layers.186.config.activation,pipeline.CreateNNModelTask.model.layers.186.config.use_bias,pipeline.CreateNNModelTask.model.layers.186.config.kernel_initializer.class_name,pipeline.CreateNNModelTask.model.layers.186.config.bias_initializer.class_name,pipeline.CreateNNModelTask.model.layers.186.name,pipeline.CreateNNModelTask.model.layers.186.inbound_nodes.1.1.1,pipeline.CreateNNModelTask.model.layers.186.inbound_nodes.1.1.2,pipeline.CreateNNModelTask.model.layers.186.inbound_nodes.1.1.3,pipeline.CreateNNModelTask.model.layers.187.class_name,pipeline.CreateNNModelTask.model.layers.187.config.name,pipeline.CreateNNModelTask.model.layers.187.config.trainable,pipeline.CreateNNModelTask.model.layers.187.config.dtype,pipeline.CreateNNModelTask.model.layers.187.config.axis.1,pipeline.CreateNNModelTask.model.layers.187.config.momentum,pipeline.CreateNNModelTask.model.layers.187.config.epsilon,pipeline.CreateNNModelTask.model.layers.187.config.center,pipeline.CreateNNModelTask.model.layers.187.config.scale,pipeline.CreateNNModelTask.model.layers.187.config.beta_initializer.class_name,pipeline.CreateNNModelTask.model.layers.187.config.gamma_initializer.class_name,pipeline.CreateNNModelTask.model.layers.187.config.moving_mean_initializer.class_name,pipeline.CreateNNModelTask.model.layers.187.config.moving_variance_initializer.class_name,pipeline.CreateNNModelTask.model.layers.187.name,pipeline.CreateNNModelTask.model.layers.187.inbound_nodes.1.1.1,pipeline.CreateNNModelTask.model.layers.187.inbound_nodes.1.1.2,pipeline.CreateNNModelTask.model.layers.187.inbound_nodes.1.1.3,pipeline.CreateNNModelTask.model.layers.188.class_name,pipeline.CreateNNModelTask.model.layers.188.config.name,pipeline.CreateNNModelTask.model.layers.188.config.trainable,pipeline.CreateNNModelTask.model.layers.188.config.dtype,pipeline.CreateNNModelTask.model.layers.188.config.activation,pipeline.CreateNNModelTask.model.layers.188.name,pipeline.CreateNNModelTask.model.layers.188.inbound_nodes.1.1.1,pipeline.CreateNNModelTask.model.layers.188.inbound_nodes.1.1.2,pipeline.CreateNNModelTask.model.layers.188.inbound_nodes.1.1.3,pipeline.CreateNNModelTask.model.layers.189.class_name,pipeline.CreateNNModelTask.model.layers.189.config.name,pipeline.CreateNNModelTask.model.layers.189.config.trainable,pipeline.CreateNNModelTask.model.layers.189.config.dtype,pipeline.CreateNNModelTask.model.layers.189.config.filters,pipeline.CreateNNModelTask.model.layers.189.config.kernel_size.1,pipeline.CreateNNModelTask.model.layers.189.config.kernel_size.2,pipeline.CreateNNModelTask.model.layers.189.config.strides.1,pipeline.CreateNNModelTask.model.layers.189.config.strides.2,pipeline.CreateNNModelTask.model.layers.189.config.padding,pipeline.CreateNNModelTask.model.layers.189.config.data_format,pipeline.CreateNNModelTask.model.layers.189.config.dilation_rate.1,pipeline.CreateNNModelTask.model.layers.189.config.dilation_rate.2,pipeline.CreateNNModelTask.model.layers.189.config.groups,pipeline.CreateNNModelTask.model.layers.189.config.activation,pipeline.CreateNNModelTask.model.layers.189.config.use_bias,pipeline.CreateNNModelTask.model.layers.189.config.kernel_initializer.class_name,pipeline.CreateNNModelTask.model.layers.189.config.bias_initializer.class_name,pipeline.CreateNNModelTask.model.layers.189.name,pipeline.CreateNNModelTask.model.layers.189.inbound_nodes.1.1.1,pipeline.CreateNNModelTask.model.layers.189.inbound_nodes.1.1.2,pipeline.CreateNNModelTask.model.layers.189.inbound_nodes.1.1.3,pipeline.CreateNNModelTask.model.layers.190.class_name,pipeline.CreateNNModelTask.model.layers.190.config.name,pipeline.CreateNNModelTask.model.layers.190.config.trainable,pipeline.CreateNNModelTask.model.layers.190.config.dtype,pipeline.CreateNNModelTask.model.layers.190.config.axis,pipeline.CreateNNModelTask.model.layers.190.name,pipeline.CreateNNModelTask.model.layers.190.inbound_nodes.1.1.1,pipeline.CreateNNModelTask.model.layers.190.inbound_nodes.1.1.2,pipeline.CreateNNModelTask.model.layers.190.inbound_nodes.1.1.3,pipeline.CreateNNModelTask.model.layers.190.inbound_nodes.1.2.1,pipeline.CreateNNModelTask.model.layers.190.inbound_nodes.1.2.2,pipeline.CreateNNModelTask.model.layers.190.inbound_nodes.1.2.3,pipeline.CreateNNModelTask.model.layers.191.class_name,pipeline.CreateNNModelTask.model.layers.191.config.name,pipeline.CreateNNModelTask.model.layers.191.config.trainable,pipeline.CreateNNModelTask.model.layers.191.config.dtype,pipeline.CreateNNModelTask.model.layers.191.config.axis.1,pipeline.CreateNNModelTask.model.layers.191.config.momentum,pipeline.CreateNNModelTask.model.layers.191.config.epsilon,pipeline.CreateNNModelTask.model.layers.191.config.center,pipeline.CreateNNModelTask.model.layers.191.config.scale,pipeline.CreateNNModelTask.model.layers.191.config.beta_initializer.class_name,pipeline.CreateNNModelTask.model.layers.191.config.gamma_initializer.class_name,pipeline.CreateNNModelTask.model.layers.191.config.moving_mean_initializer.class_name,pipeline.CreateNNModelTask.model.layers.191.config.moving_variance_initializer.class_name,pipeline.CreateNNModelTask.model.layers.191.name,pipeline.CreateNNModelTask.model.layers.191.inbound_nodes.1.1.1,pipeline.CreateNNModelTask.model.layers.191.inbound_nodes.1.1.2,pipeline.CreateNNModelTask.model.layers.191.inbound_nodes.1.1.3,pipeline.CreateNNModelTask.model.layers.192.class_name,pipeline.CreateNNModelTask.model.layers.192.config.name,pipeline.CreateNNModelTask.model.layers.192.config.trainable,pipeline.CreateNNModelTask.model.layers.192.config.dtype,pipeline.CreateNNModelTask.model.layers.192.config.activation,pipeline.CreateNNModelTask.model.layers.192.name,pipeline.CreateNNModelTask.model.layers.192.inbound_nodes.1.1.1,pipeline.CreateNNModelTask.model.layers.192.inbound_nodes.1.1.2,pipeline.CreateNNModelTask.model.layers.192.inbound_nodes.1.1.3,pipeline.CreateNNModelTask.model.layers.193.class_name,pipeline.CreateNNModelTask.model.layers.193.config.name,pipeline.CreateNNModelTask.model.layers.193.config.trainable,pipeline.CreateNNModelTask.model.layers.193.config.dtype,pipeline.CreateNNModelTask.model.layers.193.config.filters,pipeline.CreateNNModelTask.model.layers.193.config.kernel_size.1,pipeline.CreateNNModelTask.model.layers.193.config.kernel_size.2,pipeline.CreateNNModelTask.model.layers.193.config.strides.1,pipeline.CreateNNModelTask.model.layers.193.config.strides.2,pipeline.CreateNNModelTask.model.layers.193.config.padding,pipeline.CreateNNModelTask.model.layers.193.config.data_format,pipeline.CreateNNModelTask.model.layers.193.config.dilation_rate.1,pipeline.CreateNNModelTask.model.layers.193.config.dilation_rate.2,pipeline.CreateNNModelTask.model.layers.193.config.groups,pipeline.CreateNNModelTask.model.layers.193.config.activation,pipeline.CreateNNModelTask.model.layers.193.config.use_bias,pipeline.CreateNNModelTask.model.layers.193.config.kernel_initializer.class_name,pipeline.CreateNNModelTask.model.layers.193.config.bias_initializer.class_name,pipeline.CreateNNModelTask.model.layers.193.name,pipeline.CreateNNModelTask.model.layers.193.inbound_nodes.1.1.1,pipeline.CreateNNModelTask.model.layers.193.inbound_nodes.1.1.2,pipeline.CreateNNModelTask.model.layers.193.inbound_nodes.1.1.3,pipeline.CreateNNModelTask.model.layers.194.class_name,pipeline.CreateNNModelTask.model.layers.194.config.name,pipeline.CreateNNModelTask.model.layers.194.config.trainable,pipeline.CreateNNModelTask.model.layers.194.config.dtype,pipeline.CreateNNModelTask.model.layers.194.config.axis.1,pipeline.CreateNNModelTask.model.layers.194.config.momentum,pipeline.CreateNNModelTask.model.layers.194.config.epsilon,pipeline.CreateNNModelTask.model.layers.194.config.center,pipeline.CreateNNModelTask.model.layers.194.config.scale,pipeline.CreateNNModelTask.model.layers.194.config.beta_initializer.class_name,pipeline.CreateNNModelTask.model.layers.194.config.gamma_initializer.class_name,pipeline.CreateNNModelTask.model.layers.194.config.moving_mean_initializer.class_name,pipeline.CreateNNModelTask.model.layers.194.config.moving_variance_initializer.class_name,pipeline.CreateNNModelTask.model.layers.194.name,pipeline.CreateNNModelTask.model.layers.194.inbound_nodes.1.1.1,pipeline.CreateNNModelTask.model.layers.194.inbound_nodes.1.1.2,pipeline.CreateNNModelTask.model.layers.194.inbound_nodes.1.1.3,pipeline.CreateNNModelTask.model.layers.195.class_name,pipeline.CreateNNModelTask.model.layers.195.config.name,pipeline.CreateNNModelTask.model.layers.195.config.trainable,pipeline.CreateNNModelTask.model.layers.195.config.dtype,pipeline.CreateNNModelTask.model.layers.195.config.activation,pipeline.CreateNNModelTask.model.layers.195.name,pipeline.CreateNNModelTask.model.layers.195.inbound_nodes.1.1.1,pipeline.CreateNNModelTask.model.layers.195.inbound_nodes.1.1.2,pipeline.CreateNNModelTask.model.layers.195.inbound_nodes.1.1.3,pipeline.CreateNNModelTask.model.layers.196.class_name,pipeline.CreateNNModelTask.model.layers.196.config.name,pipeline.CreateNNModelTask.model.layers.196.config.trainable,pipeline.CreateNNModelTask.model.layers.196.config.dtype,pipeline.CreateNNModelTask.model.layers.196.config.filters,pipeline.CreateNNModelTask.model.layers.196.config.kernel_size.1,pipeline.CreateNNModelTask.model.layers.196.config.kernel_size.2,pipeline.CreateNNModelTask.model.layers.196.config.strides.1,pipeline.CreateNNModelTask.model.layers.196.config.strides.2,pipeline.CreateNNModelTask.model.layers.196.config.padding,pipeline.CreateNNModelTask.model.layers.196.config.data_format,pipeline.CreateNNModelTask.model.layers.196.config.dilation_rate.1,pipeline.CreateNNModelTask.model.layers.196.config.dilation_rate.2,pipeline.CreateNNModelTask.model.layers.196.config.groups,pipeline.CreateNNModelTask.model.layers.196.config.activation,pipeline.CreateNNModelTask.model.layers.196.config.use_bias,pipeline.CreateNNModelTask.model.layers.196.config.kernel_initializer.class_name,pipeline.CreateNNModelTask.model.layers.196.config.bias_initializer.class_name,pipeline.CreateNNModelTask.model.layers.196.name,pipeline.CreateNNModelTask.model.layers.196.inbound_nodes.1.1.1,pipeline.CreateNNModelTask.model.layers.196.inbound_nodes.1.1.2,pipeline.CreateNNModelTask.model.layers.196.inbound_nodes.1.1.3,pipeline.CreateNNModelTask.model.layers.197.class_name,pipeline.CreateNNModelTask.model.layers.197.config.name,pipeline.CreateNNModelTask.model.layers.197.config.trainable,pipeline.CreateNNModelTask.model.layers.197.config.dtype,pipeline.CreateNNModelTask.model.layers.197.config.axis,pipeline.CreateNNModelTask.model.layers.197.name,pipeline.CreateNNModelTask.model.layers.197.inbound_nodes.1.1.1,pipeline.CreateNNModelTask.model.layers.197.inbound_nodes.1.1.2,pipeline.CreateNNModelTask.model.layers.197.inbound_nodes.1.1.3,pipeline.CreateNNModelTask.model.layers.197.inbound_nodes.1.2.1,pipeline.CreateNNModelTask.model.layers.197.inbound_nodes.1.2.2,pipeline.CreateNNModelTask.model.layers.197.inbound_nodes.1.2.3,pipeline.CreateNNModelTask.model.layers.198.class_name,pipeline.CreateNNModelTask.model.layers.198.config.name,pipeline.CreateNNModelTask.model.layers.198.config.trainable,pipeline.CreateNNModelTask.model.layers.198.config.dtype,pipeline.CreateNNModelTask.model.layers.198.config.axis.1,pipeline.CreateNNModelTask.model.layers.198.config.momentum,pipeline.CreateNNModelTask.model.layers.198.config.epsilon,pipeline.CreateNNModelTask.model.layers.198.config.center,pipeline.CreateNNModelTask.model.layers.198.config.scale,pipeline.CreateNNModelTask.model.layers.198.config.beta_initializer.class_name,pipeline.CreateNNModelTask.model.layers.198.config.gamma_initializer.class_name,pipeline.CreateNNModelTask.model.layers.198.config.moving_mean_initializer.class_name,pipeline.CreateNNModelTask.model.layers.198.config.moving_variance_initializer.class_name,pipeline.CreateNNModelTask.model.layers.198.name,pipeline.CreateNNModelTask.model.layers.198.inbound_nodes.1.1.1,pipeline.CreateNNModelTask.model.layers.198.inbound_nodes.1.1.2,pipeline.CreateNNModelTask.model.layers.198.inbound_nodes.1.1.3,pipeline.CreateNNModelTask.model.layers.199.class_name,pipeline.CreateNNModelTask.model.layers.199.config.name,pipeline.CreateNNModelTask.model.layers.199.config.trainable,pipeline.CreateNNModelTask.model.layers.199.config.dtype,pipeline.CreateNNModelTask.model.layers.199.config.activation,pipeline.CreateNNModelTask.model.layers.199.name,pipeline.CreateNNModelTask.model.layers.199.inbound_nodes.1.1.1,pipeline.CreateNNModelTask.model.layers.199.inbound_nodes.1.1.2,pipeline.CreateNNModelTask.model.layers.199.inbound_nodes.1.1.3,pipeline.CreateNNModelTask.model.layers.200.class_name,pipeline.CreateNNModelTask.model.layers.200.config.name,pipeline.CreateNNModelTask.model.layers.200.config.trainable,pipeline.CreateNNModelTask.model.layers.200.config.dtype,pipeline.CreateNNModelTask.model.layers.200.config.filters,pipeline.CreateNNModelTask.model.layers.200.config.kernel_size.1,pipeline.CreateNNModelTask.model.layers.200.config.kernel_size.2,pipeline.CreateNNModelTask.model.layers.200.config.strides.1,pipeline.CreateNNModelTask.model.layers.200.config.strides.2,pipeline.CreateNNModelTask.model.layers.200.config.padding,pipeline.CreateNNModelTask.model.layers.200.config.data_format,pipeline.CreateNNModelTask.model.layers.200.config.dilation_rate.1,pipeline.CreateNNModelTask.model.layers.200.config.dilation_rate.2,pipeline.CreateNNModelTask.model.layers.200.config.groups,pipeline.CreateNNModelTask.model.layers.200.config.activation,pipeline.CreateNNModelTask.model.layers.200.config.use_bias,pipeline.CreateNNModelTask.model.layers.200.config.kernel_initializer.class_name,pipeline.CreateNNModelTask.model.layers.200.config.bias_initializer.class_name,pipeline.CreateNNModelTask.model.layers.200.name,pipeline.CreateNNModelTask.model.layers.200.inbound_nodes.1.1.1,pipeline.CreateNNModelTask.model.layers.200.inbound_nodes.1.1.2,pipeline.CreateNNModelTask.model.layers.200.inbound_nodes.1.1.3,pipeline.CreateNNModelTask.model.layers.201.class_name,pipeline.CreateNNModelTask.model.layers.201.config.name,pipeline.CreateNNModelTask.model.layers.201.config.trainable,pipeline.CreateNNModelTask.model.layers.201.config.dtype,pipeline.CreateNNModelTask.model.layers.201.config.axis.1,pipeline.CreateNNModelTask.model.layers.201.config.momentum,pipeline.CreateNNModelTask.model.layers.201.config.epsilon,pipeline.CreateNNModelTask.model.layers.201.config.center,pipeline.CreateNNModelTask.model.layers.201.config.scale,pipeline.CreateNNModelTask.model.layers.201.config.beta_initializer.class_name,pipeline.CreateNNModelTask.model.layers.201.config.gamma_initializer.class_name,pipeline.CreateNNModelTask.model.layers.201.config.moving_mean_initializer.class_name,pipeline.CreateNNModelTask.model.layers.201.config.moving_variance_initializer.class_name,pipeline.CreateNNModelTask.model.layers.201.name,pipeline.CreateNNModelTask.model.layers.201.inbound_nodes.1.1.1,pipeline.CreateNNModelTask.model.layers.201.inbound_nodes.1.1.2,pipeline.CreateNNModelTask.model.layers.201.inbound_nodes.1.1.3,pipeline.CreateNNModelTask.model.layers.202.class_name,pipeline.CreateNNModelTask.model.layers.202.config.name,pipeline.CreateNNModelTask.model.layers.202.config.trainable,pipeline.CreateNNModelTask.model.layers.202.config.dtype,pipeline.CreateNNModelTask.model.layers.202.config.activation,pipeline.CreateNNModelTask.model.layers.202.name,pipeline.CreateNNModelTask.model.layers.202.inbound_nodes.1.1.1,pipeline.CreateNNModelTask.model.layers.202.inbound_nodes.1.1.2,pipeline.CreateNNModelTask.model.layers.202.inbound_nodes.1.1.3,pipeline.CreateNNModelTask.model.layers.203.class_name,pipeline.CreateNNModelTask.model.layers.203.config.name,pipeline.CreateNNModelTask.model.layers.203.config.trainable,pipeline.CreateNNModelTask.model.layers.203.config.dtype,pipeline.CreateNNModelTask.model.layers.203.config.filters,pipeline.CreateNNModelTask.model.layers.203.config.kernel_size.1,pipeline.CreateNNModelTask.model.layers.203.config.kernel_size.2,pipeline.CreateNNModelTask.model.layers.203.config.strides.1,pipeline.CreateNNModelTask.model.layers.203.config.strides.2,pipeline.CreateNNModelTask.model.layers.203.config.padding,pipeline.CreateNNModelTask.model.layers.203.config.data_format,pipeline.CreateNNModelTask.model.layers.203.config.dilation_rate.1,pipeline.CreateNNModelTask.model.layers.203.config.dilation_rate.2,pipeline.CreateNNModelTask.model.layers.203.config.groups,pipeline.CreateNNModelTask.model.layers.203.config.activation,pipeline.CreateNNModelTask.model.layers.203.config.use_bias,pipeline.CreateNNModelTask.model.layers.203.config.kernel_initializer.class_name,pipeline.CreateNNModelTask.model.layers.203.config.bias_initializer.class_name,pipeline.CreateNNModelTask.model.layers.203.name,pipeline.CreateNNModelTask.model.layers.203.inbound_nodes.1.1.1,pipeline.CreateNNModelTask.model.layers.203.inbound_nodes.1.1.2,pipeline.CreateNNModelTask.model.layers.203.inbound_nodes.1.1.3,pipeline.CreateNNModelTask.model.layers.204.class_name,pipeline.CreateNNModelTask.model.layers.204.config.name,pipeline.CreateNNModelTask.model.layers.204.config.trainable,pipeline.CreateNNModelTask.model.layers.204.config.dtype,pipeline.CreateNNModelTask.model.layers.204.config.axis,pipeline.CreateNNModelTask.model.layers.204.name,pipeline.CreateNNModelTask.model.layers.204.inbound_nodes.1.1.1,pipeline.CreateNNModelTask.model.layers.204.inbound_nodes.1.1.2,pipeline.CreateNNModelTask.model.layers.204.inbound_nodes.1.1.3,pipeline.CreateNNModelTask.model.layers.204.inbound_nodes.1.2.1,pipeline.CreateNNModelTask.model.layers.204.inbound_nodes.1.2.2,pipeline.CreateNNModelTask.model.layers.204.inbound_nodes.1.2.3,pipeline.CreateNNModelTask.model.layers.205.class_name,pipeline.CreateNNModelTask.model.layers.205.config.name,pipeline.CreateNNModelTask.model.layers.205.config.trainable,pipeline.CreateNNModelTask.model.layers.205.config.dtype,pipeline.CreateNNModelTask.model.layers.205.config.axis.1,pipeline.CreateNNModelTask.model.layers.205.config.momentum,pipeline.CreateNNModelTask.model.layers.205.config.epsilon,pipeline.CreateNNModelTask.model.layers.205.config.center,pipeline.CreateNNModelTask.model.layers.205.config.scale,pipeline.CreateNNModelTask.model.layers.205.config.beta_initializer.class_name,pipeline.CreateNNModelTask.model.layers.205.config.gamma_initializer.class_name,pipeline.CreateNNModelTask.model.layers.205.config.moving_mean_initializer.class_name,pipeline.CreateNNModelTask.model.layers.205.config.moving_variance_initializer.class_name,pipeline.CreateNNModelTask.model.layers.205.name,pipeline.CreateNNModelTask.model.layers.205.inbound_nodes.1.1.1,pipeline.CreateNNModelTask.model.layers.205.inbound_nodes.1.1.2,pipeline.CreateNNModelTask.model.layers.205.inbound_nodes.1.1.3,pipeline.CreateNNModelTask.model.layers.206.class_name,pipeline.CreateNNModelTask.model.layers.206.config.name,pipeline.CreateNNModelTask.model.layers.206.config.trainable,pipeline.CreateNNModelTask.model.layers.206.config.dtype,pipeline.CreateNNModelTask.model.layers.206.config.activation,pipeline.CreateNNModelTask.model.layers.206.name,pipeline.CreateNNModelTask.model.layers.206.inbound_nodes.1.1.1,pipeline.CreateNNModelTask.model.layers.206.inbound_nodes.1.1.2,pipeline.CreateNNModelTask.model.layers.206.inbound_nodes.1.1.3,pipeline.CreateNNModelTask.model.layers.207.class_name,pipeline.CreateNNModelTask.model.layers.207.config.name,pipeline.CreateNNModelTask.model.layers.207.config.trainable,pipeline.CreateNNModelTask.model.layers.207.config.dtype,pipeline.CreateNNModelTask.model.layers.207.config.filters,pipeline.CreateNNModelTask.model.layers.207.config.kernel_size.1,pipeline.CreateNNModelTask.model.layers.207.config.kernel_size.2,pipeline.CreateNNModelTask.model.layers.207.config.strides.1,pipeline.CreateNNModelTask.model.layers.207.config.strides.2,pipeline.CreateNNModelTask.model.layers.207.config.padding,pipeline.CreateNNModelTask.model.layers.207.config.data_format,pipeline.CreateNNModelTask.model.layers.207.config.dilation_rate.1,pipeline.CreateNNModelTask.model.layers.207.config.dilation_rate.2,pipeline.CreateNNModelTask.model.layers.207.config.groups,pipeline.CreateNNModelTask.model.layers.207.config.activation,pipeline.CreateNNModelTask.model.layers.207.config.use_bias,pipeline.CreateNNModelTask.model.layers.207.config.kernel_initializer.class_name,pipeline.CreateNNModelTask.model.layers.207.config.bias_initializer.class_name,pipeline.CreateNNModelTask.model.layers.207.name,pipeline.CreateNNModelTask.model.layers.207.inbound_nodes.1.1.1,pipeline.CreateNNModelTask.model.layers.207.inbound_nodes.1.1.2,pipeline.CreateNNModelTask.model.layers.207.inbound_nodes.1.1.3,pipeline.CreateNNModelTask.model.layers.208.class_name,pipeline.CreateNNModelTask.model.layers.208.config.name,pipeline.CreateNNModelTask.model.layers.208.config.trainable,pipeline.CreateNNModelTask.model.layers.208.config.dtype,pipeline.CreateNNModelTask.model.layers.208.config.axis.1,pipeline.CreateNNModelTask.model.layers.208.config.momentum,pipeline.CreateNNModelTask.model.layers.208.config.epsilon,pipeline.CreateNNModelTask.model.layers.208.config.center,pipeline.CreateNNModelTask.model.layers.208.config.scale,pipeline.CreateNNModelTask.model.layers.208.config.beta_initializer.class_name,pipeline.CreateNNModelTask.model.layers.208.config.gamma_initializer.class_name,pipeline.CreateNNModelTask.model.layers.208.config.moving_mean_initializer.class_name,pipeline.CreateNNModelTask.model.layers.208.config.moving_variance_initializer.class_name,pipeline.CreateNNModelTask.model.layers.208.name,pipeline.CreateNNModelTask.model.layers.208.inbound_nodes.1.1.1,pipeline.CreateNNModelTask.model.layers.208.inbound_nodes.1.1.2,pipeline.CreateNNModelTask.model.layers.208.inbound_nodes.1.1.3,pipeline.CreateNNModelTask.model.layers.209.class_name,pipeline.CreateNNModelTask.model.layers.209.config.name,pipeline.CreateNNModelTask.model.layers.209.config.trainable,pipeline.CreateNNModelTask.model.layers.209.config.dtype,pipeline.CreateNNModelTask.model.layers.209.config.activation,pipeline.CreateNNModelTask.model.layers.209.name,pipeline.CreateNNModelTask.model.layers.209.inbound_nodes.1.1.1,pipeline.CreateNNModelTask.model.layers.209.inbound_nodes.1.1.2,pipeline.CreateNNModelTask.model.layers.209.inbound_nodes.1.1.3,pipeline.CreateNNModelTask.model.layers.210.class_name,pipeline.CreateNNModelTask.model.layers.210.config.name,pipeline.CreateNNModelTask.model.layers.210.config.trainable,pipeline.CreateNNModelTask.model.layers.210.config.dtype,pipeline.CreateNNModelTask.model.layers.210.config.filters,pipeline.CreateNNModelTask.model.layers.210.config.kernel_size.1,pipeline.CreateNNModelTask.model.layers.210.config.kernel_size.2,pipeline.CreateNNModelTask.model.layers.210.config.strides.1,pipeline.CreateNNModelTask.model.layers.210.config.strides.2,pipeline.CreateNNModelTask.model.layers.210.config.padding,pipeline.CreateNNModelTask.model.layers.210.config.data_format,pipeline.CreateNNModelTask.model.layers.210.config.dilation_rate.1,pipeline.CreateNNModelTask.model.layers.210.config.dilation_rate.2,pipeline.CreateNNModelTask.model.layers.210.config.groups,pipeline.CreateNNModelTask.model.layers.210.config.activation,pipeline.CreateNNModelTask.model.layers.210.config.use_bias,pipeline.CreateNNModelTask.model.layers.210.config.kernel_initializer.class_name,pipeline.CreateNNModelTask.model.layers.210.config.bias_initializer.class_name,pipeline.CreateNNModelTask.model.layers.210.name,pipeline.CreateNNModelTask.model.layers.210.inbound_nodes.1.1.1,pipeline.CreateNNModelTask.model.layers.210.inbound_nodes.1.1.2,pipeline.CreateNNModelTask.model.layers.210.inbound_nodes.1.1.3,pipeline.CreateNNModelTask.model.layers.211.class_name,pipeline.CreateNNModelTask.model.layers.211.config.name,pipeline.CreateNNModelTask.model.layers.211.config.trainable,pipeline.CreateNNModelTask.model.layers.211.config.dtype,pipeline.CreateNNModelTask.model.layers.211.config.axis,pipeline.CreateNNModelTask.model.layers.211.name,pipeline.CreateNNModelTask.model.layers.211.inbound_nodes.1.1.1,pipeline.CreateNNModelTask.model.layers.211.inbound_nodes.1.1.2,pipeline.CreateNNModelTask.model.layers.211.inbound_nodes.1.1.3,pipeline.CreateNNModelTask.model.layers.211.inbound_nodes.1.2.1,pipeline.CreateNNModelTask.model.layers.211.inbound_nodes.1.2.2,pipeline.CreateNNModelTask.model.layers.211.inbound_nodes.1.2.3,pipeline.CreateNNModelTask.model.layers.212.class_name,pipeline.CreateNNModelTask.model.layers.212.config.name,pipeline.CreateNNModelTask.model.layers.212.config.trainable,pipeline.CreateNNModelTask.model.layers.212.config.dtype,pipeline.CreateNNModelTask.model.layers.212.config.axis.1,pipeline.CreateNNModelTask.model.layers.212.config.momentum,pipeline.CreateNNModelTask.model.layers.212.config.epsilon,pipeline.CreateNNModelTask.model.layers.212.config.center,pipeline.CreateNNModelTask.model.layers.212.config.scale,pipeline.CreateNNModelTask.model.layers.212.config.beta_initializer.class_name,pipeline.CreateNNModelTask.model.layers.212.config.gamma_initializer.class_name,pipeline.CreateNNModelTask.model.layers.212.config.moving_mean_initializer.class_name,pipeline.CreateNNModelTask.model.layers.212.config.moving_variance_initializer.class_name,pipeline.CreateNNModelTask.model.layers.212.name,pipeline.CreateNNModelTask.model.layers.212.inbound_nodes.1.1.1,pipeline.CreateNNModelTask.model.layers.212.inbound_nodes.1.1.2,pipeline.CreateNNModelTask.model.layers.212.inbound_nodes.1.1.3,pipeline.CreateNNModelTask.model.layers.213.class_name,pipeline.CreateNNModelTask.model.layers.213.config.name,pipeline.CreateNNModelTask.model.layers.213.config.trainable,pipeline.CreateNNModelTask.model.layers.213.config.dtype,pipeline.CreateNNModelTask.model.layers.213.config.activation,pipeline.CreateNNModelTask.model.layers.213.name,pipeline.CreateNNModelTask.model.layers.213.inbound_nodes.1.1.1,pipeline.CreateNNModelTask.model.layers.213.inbound_nodes.1.1.2,pipeline.CreateNNModelTask.model.layers.213.inbound_nodes.1.1.3,pipeline.CreateNNModelTask.model.layers.214.class_name,pipeline.CreateNNModelTask.model.layers.214.config.name,pipeline.CreateNNModelTask.model.layers.214.config.trainable,pipeline.CreateNNModelTask.model.layers.214.config.dtype,pipeline.CreateNNModelTask.model.layers.214.config.filters,pipeline.CreateNNModelTask.model.layers.214.config.kernel_size.1,pipeline.CreateNNModelTask.model.layers.214.config.kernel_size.2,pipeline.CreateNNModelTask.model.layers.214.config.strides.1,pipeline.CreateNNModelTask.model.layers.214.config.strides.2,pipeline.CreateNNModelTask.model.layers.214.config.padding,pipeline.CreateNNModelTask.model.layers.214.config.data_format,pipeline.CreateNNModelTask.model.layers.214.config.dilation_rate.1,pipeline.CreateNNModelTask.model.layers.214.config.dilation_rate.2,pipeline.CreateNNModelTask.model.layers.214.config.groups,pipeline.CreateNNModelTask.model.layers.214.config.activation,pipeline.CreateNNModelTask.model.layers.214.config.use_bias,pipeline.CreateNNModelTask.model.layers.214.config.kernel_initializer.class_name,pipeline.CreateNNModelTask.model.layers.214.config.bias_initializer.class_name,pipeline.CreateNNModelTask.model.layers.214.name,pipeline.CreateNNModelTask.model.layers.214.inbound_nodes.1.1.1,pipeline.CreateNNModelTask.model.layers.214.inbound_nodes.1.1.2,pipeline.CreateNNModelTask.model.layers.214.inbound_nodes.1.1.3,pipeline.CreateNNModelTask.model.layers.215.class_name,pipeline.CreateNNModelTask.model.layers.215.config.name,pipeline.CreateNNModelTask.model.layers.215.config.trainable,pipeline.CreateNNModelTask.model.layers.215.config.dtype,pipeline.CreateNNModelTask.model.layers.215.config.axis.1,pipeline.CreateNNModelTask.model.layers.215.config.momentum,pipeline.CreateNNModelTask.model.layers.215.config.epsilon,pipeline.CreateNNModelTask.model.layers.215.config.center,pipeline.CreateNNModelTask.model.layers.215.config.scale,pipeline.CreateNNModelTask.model.layers.215.config.beta_initializer.class_name,pipeline.CreateNNModelTask.model.layers.215.config.gamma_initializer.class_name,pipeline.CreateNNModelTask.model.layers.215.config.moving_mean_initializer.class_name,pipeline.CreateNNModelTask.model.layers.215.config.moving_variance_initializer.class_name,pipeline.CreateNNModelTask.model.layers.215.name,pipeline.CreateNNModelTask.model.layers.215.inbound_nodes.1.1.1,pipeline.CreateNNModelTask.model.layers.215.inbound_nodes.1.1.2,pipeline.CreateNNModelTask.model.layers.215.inbound_nodes.1.1.3,pipeline.CreateNNModelTask.model.layers.216.class_name,pipeline.CreateNNModelTask.model.layers.216.config.name,pipeline.CreateNNModelTask.model.layers.216.config.trainable,pipeline.CreateNNModelTask.model.layers.216.config.dtype,pipeline.CreateNNModelTask.model.layers.216.config.activation,pipeline.CreateNNModelTask.model.layers.216.name,pipeline.CreateNNModelTask.model.layers.216.inbound_nodes.1.1.1,pipeline.CreateNNModelTask.model.layers.216.inbound_nodes.1.1.2,pipeline.CreateNNModelTask.model.layers.216.inbound_nodes.1.1.3,pipeline.CreateNNModelTask.model.layers.217.class_name,pipeline.CreateNNModelTask.model.layers.217.config.name,pipeline.CreateNNModelTask.model.layers.217.config.trainable,pipeline.CreateNNModelTask.model.layers.217.config.dtype,pipeline.CreateNNModelTask.model.layers.217.config.filters,pipeline.CreateNNModelTask.model.layers.217.config.kernel_size.1,pipeline.CreateNNModelTask.model.layers.217.config.kernel_size.2,pipeline.CreateNNModelTask.model.layers.217.config.strides.1,pipeline.CreateNNModelTask.model.layers.217.config.strides.2,pipeline.CreateNNModelTask.model.layers.217.config.padding,pipeline.CreateNNModelTask.model.layers.217.config.data_format,pipeline.CreateNNModelTask.model.layers.217.config.dilation_rate.1,pipeline.CreateNNModelTask.model.layers.217.config.dilation_rate.2,pipeline.CreateNNModelTask.model.layers.217.config.groups,pipeline.CreateNNModelTask.model.layers.217.config.activation,pipeline.CreateNNModelTask.model.layers.217.config.use_bias,pipeline.CreateNNModelTask.model.layers.217.config.kernel_initializer.class_name,pipeline.CreateNNModelTask.model.layers.217.config.bias_initializer.class_name,pipeline.CreateNNModelTask.model.layers.217.name,pipeline.CreateNNModelTask.model.layers.217.inbound_nodes.1.1.1,pipeline.CreateNNModelTask.model.layers.217.inbound_nodes.1.1.2,pipeline.CreateNNModelTask.model.layers.217.inbound_nodes.1.1.3,pipeline.CreateNNModelTask.model.layers.218.class_name,pipeline.CreateNNModelTask.model.layers.218.config.name,pipeline.CreateNNModelTask.model.layers.218.config.trainable,pipeline.CreateNNModelTask.model.layers.218.config.dtype,pipeline.CreateNNModelTask.model.layers.218.config.axis,pipeline.CreateNNModelTask.model.layers.218.name,pipeline.CreateNNModelTask.model.layers.218.inbound_nodes.1.1.1,pipeline.CreateNNModelTask.model.layers.218.inbound_nodes.1.1.2,pipeline.CreateNNModelTask.model.layers.218.inbound_nodes.1.1.3,pipeline.CreateNNModelTask.model.layers.218.inbound_nodes.1.2.1,pipeline.CreateNNModelTask.model.layers.218.inbound_nodes.1.2.2,pipeline.CreateNNModelTask.model.layers.218.inbound_nodes.1.2.3,pipeline.CreateNNModelTask.model.layers.219.class_name,pipeline.CreateNNModelTask.model.layers.219.config.name,pipeline.CreateNNModelTask.model.layers.219.config.trainable,pipeline.CreateNNModelTask.model.layers.219.config.dtype,pipeline.CreateNNModelTask.model.layers.219.config.axis.1,pipeline.CreateNNModelTask.model.layers.219.config.momentum,pipeline.CreateNNModelTask.model.layers.219.config.epsilon,pipeline.CreateNNModelTask.model.layers.219.config.center,pipeline.CreateNNModelTask.model.layers.219.config.scale,pipeline.CreateNNModelTask.model.layers.219.config.beta_initializer.class_name,pipeline.CreateNNModelTask.model.layers.219.config.gamma_initializer.class_name,pipeline.CreateNNModelTask.model.layers.219.config.moving_mean_initializer.class_name,pipeline.CreateNNModelTask.model.layers.219.config.moving_variance_initializer.class_name,pipeline.CreateNNModelTask.model.layers.219.name,pipeline.CreateNNModelTask.model.layers.219.inbound_nodes.1.1.1,pipeline.CreateNNModelTask.model.layers.219.inbound_nodes.1.1.2,pipeline.CreateNNModelTask.model.layers.219.inbound_nodes.1.1.3,pipeline.CreateNNModelTask.model.layers.220.class_name,pipeline.CreateNNModelTask.model.layers.220.config.name,pipeline.CreateNNModelTask.model.layers.220.config.trainable,pipeline.CreateNNModelTask.model.layers.220.config.dtype,pipeline.CreateNNModelTask.model.layers.220.config.activation,pipeline.CreateNNModelTask.model.layers.220.name,pipeline.CreateNNModelTask.model.layers.220.inbound_nodes.1.1.1,pipeline.CreateNNModelTask.model.layers.220.inbound_nodes.1.1.2,pipeline.CreateNNModelTask.model.layers.220.inbound_nodes.1.1.3,pipeline.CreateNNModelTask.model.layers.221.class_name,pipeline.CreateNNModelTask.model.layers.221.config.name,pipeline.CreateNNModelTask.model.layers.221.config.trainable,pipeline.CreateNNModelTask.model.layers.221.config.dtype,pipeline.CreateNNModelTask.model.layers.221.config.filters,pipeline.CreateNNModelTask.model.layers.221.config.kernel_size.1,pipeline.CreateNNModelTask.model.layers.221.config.kernel_size.2,pipeline.CreateNNModelTask.model.layers.221.config.strides.1,pipeline.CreateNNModelTask.model.layers.221.config.strides.2,pipeline.CreateNNModelTask.model.layers.221.config.padding,pipeline.CreateNNModelTask.model.layers.221.config.data_format,pipeline.CreateNNModelTask.model.layers.221.config.dilation_rate.1,pipeline.CreateNNModelTask.model.layers.221.config.dilation_rate.2,pipeline.CreateNNModelTask.model.layers.221.config.groups,pipeline.CreateNNModelTask.model.layers.221.config.activation,pipeline.CreateNNModelTask.model.layers.221.config.use_bias,pipeline.CreateNNModelTask.model.layers.221.config.kernel_initializer.class_name,pipeline.CreateNNModelTask.model.layers.221.config.bias_initializer.class_name,pipeline.CreateNNModelTask.model.layers.221.name,pipeline.CreateNNModelTask.model.layers.221.inbound_nodes.1.1.1,pipeline.CreateNNModelTask.model.layers.221.inbound_nodes.1.1.2,pipeline.CreateNNModelTask.model.layers.221.inbound_nodes.1.1.3,pipeline.CreateNNModelTask.model.layers.222.class_name,pipeline.CreateNNModelTask.model.layers.222.config.name,pipeline.CreateNNModelTask.model.layers.222.config.trainable,pipeline.CreateNNModelTask.model.layers.222.config.dtype,pipeline.CreateNNModelTask.model.layers.222.config.axis.1,pipeline.CreateNNModelTask.model.layers.222.config.momentum,pipeline.CreateNNModelTask.model.layers.222.config.epsilon,pipeline.CreateNNModelTask.model.layers.222.config.center,pipeline.CreateNNModelTask.model.layers.222.config.scale,pipeline.CreateNNModelTask.model.layers.222.config.beta_initializer.class_name,pipeline.CreateNNModelTask.model.layers.222.config.gamma_initializer.class_name,pipeline.CreateNNModelTask.model.layers.222.config.moving_mean_initializer.class_name,pipeline.CreateNNModelTask.model.layers.222.config.moving_variance_initializer.class_name,pipeline.CreateNNModelTask.model.layers.222.name,pipeline.CreateNNModelTask.model.layers.222.inbound_nodes.1.1.1,pipeline.CreateNNModelTask.model.layers.222.inbound_nodes.1.1.2,pipeline.CreateNNModelTask.model.layers.222.inbound_nodes.1.1.3,pipeline.CreateNNModelTask.model.layers.223.class_name,pipeline.CreateNNModelTask.model.layers.223.config.name,pipeline.CreateNNModelTask.model.layers.223.config.trainable,pipeline.CreateNNModelTask.model.layers.223.config.dtype,pipeline.CreateNNModelTask.model.layers.223.config.activation,pipeline.CreateNNModelTask.model.layers.223.name,pipeline.CreateNNModelTask.model.layers.223.inbound_nodes.1.1.1,pipeline.CreateNNModelTask.model.layers.223.inbound_nodes.1.1.2,pipeline.CreateNNModelTask.model.layers.223.inbound_nodes.1.1.3,pipeline.CreateNNModelTask.model.layers.224.class_name,pipeline.CreateNNModelTask.model.layers.224.config.name,pipeline.CreateNNModelTask.model.layers.224.config.trainable,pipeline.CreateNNModelTask.model.layers.224.config.dtype,pipeline.CreateNNModelTask.model.layers.224.config.filters,pipeline.CreateNNModelTask.model.layers.224.config.kernel_size.1,pipeline.CreateNNModelTask.model.layers.224.config.kernel_size.2,pipeline.CreateNNModelTask.model.layers.224.config.strides.1,pipeline.CreateNNModelTask.model.layers.224.config.strides.2,pipeline.CreateNNModelTask.model.layers.224.config.padding,pipeline.CreateNNModelTask.model.layers.224.config.data_format,pipeline.CreateNNModelTask.model.layers.224.config.dilation_rate.1,pipeline.CreateNNModelTask.model.layers.224.config.dilation_rate.2,pipeline.CreateNNModelTask.model.layers.224.config.groups,pipeline.CreateNNModelTask.model.layers.224.config.activation,pipeline.CreateNNModelTask.model.layers.224.config.use_bias,pipeline.CreateNNModelTask.model.layers.224.config.kernel_initializer.class_name,pipeline.CreateNNModelTask.model.layers.224.config.bias_initializer.class_name,pipeline.CreateNNModelTask.model.layers.224.name,pipeline.CreateNNModelTask.model.layers.224.inbound_nodes.1.1.1,pipeline.CreateNNModelTask.model.layers.224.inbound_nodes.1.1.2,pipeline.CreateNNModelTask.model.layers.224.inbound_nodes.1.1.3,pipeline.CreateNNModelTask.model.layers.225.class_name,pipeline.CreateNNModelTask.model.layers.225.config.name,pipeline.CreateNNModelTask.model.layers.225.config.trainable,pipeline.CreateNNModelTask.model.layers.225.config.dtype,pipeline.CreateNNModelTask.model.layers.225.config.axis,pipeline.CreateNNModelTask.model.layers.225.name,pipeline.CreateNNModelTask.model.layers.225.inbound_nodes.1.1.1,pipeline.CreateNNModelTask.model.layers.225.inbound_nodes.1.1.2,pipeline.CreateNNModelTask.model.layers.225.inbound_nodes.1.1.3,pipeline.CreateNNModelTask.model.layers.225.inbound_nodes.1.2.1,pipeline.CreateNNModelTask.model.layers.225.inbound_nodes.1.2.2,pipeline.CreateNNModelTask.model.layers.225.inbound_nodes.1.2.3,pipeline.CreateNNModelTask.model.layers.226.class_name,pipeline.CreateNNModelTask.model.layers.226.config.name,pipeline.CreateNNModelTask.model.layers.226.config.trainable,pipeline.CreateNNModelTask.model.layers.226.config.dtype,pipeline.CreateNNModelTask.model.layers.226.config.axis.1,pipeline.CreateNNModelTask.model.layers.226.config.momentum,pipeline.CreateNNModelTask.model.layers.226.config.epsilon,pipeline.CreateNNModelTask.model.layers.226.config.center,pipeline.CreateNNModelTask.model.layers.226.config.scale,pipeline.CreateNNModelTask.model.layers.226.config.beta_initializer.class_name,pipeline.CreateNNModelTask.model.layers.226.config.gamma_initializer.class_name,pipeline.CreateNNModelTask.model.layers.226.config.moving_mean_initializer.class_name,pipeline.CreateNNModelTask.model.layers.226.config.moving_variance_initializer.class_name,pipeline.CreateNNModelTask.model.layers.226.name,pipeline.CreateNNModelTask.model.layers.226.inbound_nodes.1.1.1,pipeline.CreateNNModelTask.model.layers.226.inbound_nodes.1.1.2,pipeline.CreateNNModelTask.model.layers.226.inbound_nodes.1.1.3,pipeline.CreateNNModelTask.model.layers.227.class_name,pipeline.CreateNNModelTask.model.layers.227.config.name,pipeline.CreateNNModelTask.model.layers.227.config.trainable,pipeline.CreateNNModelTask.model.layers.227.config.dtype,pipeline.CreateNNModelTask.model.layers.227.config.activation,pipeline.CreateNNModelTask.model.layers.227.name,pipeline.CreateNNModelTask.model.layers.227.inbound_nodes.1.1.1,pipeline.CreateNNModelTask.model.layers.227.inbound_nodes.1.1.2,pipeline.CreateNNModelTask.model.layers.227.inbound_nodes.1.1.3,pipeline.CreateNNModelTask.model.layers.228.class_name,pipeline.CreateNNModelTask.model.layers.228.config.name,pipeline.CreateNNModelTask.model.layers.228.config.trainable,pipeline.CreateNNModelTask.model.layers.228.config.dtype,pipeline.CreateNNModelTask.model.layers.228.config.filters,pipeline.CreateNNModelTask.model.layers.228.config.kernel_size.1,pipeline.CreateNNModelTask.model.layers.228.config.kernel_size.2,pipeline.CreateNNModelTask.model.layers.228.config.strides.1,pipeline.CreateNNModelTask.model.layers.228.config.strides.2,pipeline.CreateNNModelTask.model.layers.228.config.padding,pipeline.CreateNNModelTask.model.layers.228.config.data_format,pipeline.CreateNNModelTask.model.layers.228.config.dilation_rate.1,pipeline.CreateNNModelTask.model.layers.228.config.dilation_rate.2,pipeline.CreateNNModelTask.model.layers.228.config.groups,pipeline.CreateNNModelTask.model.layers.228.config.activation,pipeline.CreateNNModelTask.model.layers.228.config.use_bias,pipeline.CreateNNModelTask.model.layers.228.config.kernel_initializer.class_name,pipeline.CreateNNModelTask.model.layers.228.config.bias_initializer.class_name,pipeline.CreateNNModelTask.model.layers.228.name,pipeline.CreateNNModelTask.model.layers.228.inbound_nodes.1.1.1,pipeline.CreateNNModelTask.model.layers.228.inbound_nodes.1.1.2,pipeline.CreateNNModelTask.model.layers.228.inbound_nodes.1.1.3,pipeline.CreateNNModelTask.model.layers.229.class_name,pipeline.CreateNNModelTask.model.layers.229.config.name,pipeline.CreateNNModelTask.model.layers.229.config.trainable,pipeline.CreateNNModelTask.model.layers.229.config.dtype,pipeline.CreateNNModelTask.model.layers.229.config.axis.1,pipeline.CreateNNModelTask.model.layers.229.config.momentum,pipeline.CreateNNModelTask.model.layers.229.config.epsilon,pipeline.CreateNNModelTask.model.layers.229.config.center,pipeline.CreateNNModelTask.model.layers.229.config.scale,pipeline.CreateNNModelTask.model.layers.229.config.beta_initializer.class_name,pipeline.CreateNNModelTask.model.layers.229.config.gamma_initializer.class_name,pipeline.CreateNNModelTask.model.layers.229.config.moving_mean_initializer.class_name,pipeline.CreateNNModelTask.model.layers.229.config.moving_variance_initializer.class_name,pipeline.CreateNNModelTask.model.layers.229.name,pipeline.CreateNNModelTask.model.layers.229.inbound_nodes.1.1.1,pipeline.CreateNNModelTask.model.layers.229.inbound_nodes.1.1.2,pipeline.CreateNNModelTask.model.layers.229.inbound_nodes.1.1.3,pipeline.CreateNNModelTask.model.layers.230.class_name,pipeline.CreateNNModelTask.model.layers.230.config.name,pipeline.CreateNNModelTask.model.layers.230.config.trainable,pipeline.CreateNNModelTask.model.layers.230.config.dtype,pipeline.CreateNNModelTask.model.layers.230.config.activation,pipeline.CreateNNModelTask.model.layers.230.name,pipeline.CreateNNModelTask.model.layers.230.inbound_nodes.1.1.1,pipeline.CreateNNModelTask.model.layers.230.inbound_nodes.1.1.2,pipeline.CreateNNModelTask.model.layers.230.inbound_nodes.1.1.3,pipeline.CreateNNModelTask.model.layers.231.class_name,pipeline.CreateNNModelTask.model.layers.231.config.name,pipeline.CreateNNModelTask.model.layers.231.config.trainable,pipeline.CreateNNModelTask.model.layers.231.config.dtype,pipeline.CreateNNModelTask.model.layers.231.config.filters,pipeline.CreateNNModelTask.model.layers.231.config.kernel_size.1,pipeline.CreateNNModelTask.model.layers.231.config.kernel_size.2,pipeline.CreateNNModelTask.model.layers.231.config.strides.1,pipeline.CreateNNModelTask.model.layers.231.config.strides.2,pipeline.CreateNNModelTask.model.layers.231.config.padding,pipeline.CreateNNModelTask.model.layers.231.config.data_format,pipeline.CreateNNModelTask.model.layers.231.config.dilation_rate.1,pipeline.CreateNNModelTask.model.layers.231.config.dilation_rate.2,pipeline.CreateNNModelTask.model.layers.231.config.groups,pipeline.CreateNNModelTask.model.layers.231.config.activation,pipeline.CreateNNModelTask.model.layers.231.config.use_bias,pipeline.CreateNNModelTask.model.layers.231.config.kernel_initializer.class_name,pipeline.CreateNNModelTask.model.layers.231.config.bias_initializer.class_name,pipeline.CreateNNModelTask.model.layers.231.name,pipeline.CreateNNModelTask.model.layers.231.inbound_nodes.1.1.1,pipeline.CreateNNModelTask.model.layers.231.inbound_nodes.1.1.2,pipeline.CreateNNModelTask.model.layers.231.inbound_nodes.1.1.3,pipeline.CreateNNModelTask.model.layers.232.class_name,pipeline.CreateNNModelTask.model.layers.232.config.name,pipeline.CreateNNModelTask.model.layers.232.config.trainable,pipeline.CreateNNModelTask.model.layers.232.config.dtype,pipeline.CreateNNModelTask.model.layers.232.config.axis,pipeline.CreateNNModelTask.model.layers.232.name,pipeline.CreateNNModelTask.model.layers.232.inbound_nodes.1.1.1,pipeline.CreateNNModelTask.model.layers.232.inbound_nodes.1.1.2,pipeline.CreateNNModelTask.model.layers.232.inbound_nodes.1.1.3,pipeline.CreateNNModelTask.model.layers.232.inbound_nodes.1.2.1,pipeline.CreateNNModelTask.model.layers.232.inbound_nodes.1.2.2,pipeline.CreateNNModelTask.model.layers.232.inbound_nodes.1.2.3,pipeline.CreateNNModelTask.model.layers.233.class_name,pipeline.CreateNNModelTask.model.layers.233.config.name,pipeline.CreateNNModelTask.model.layers.233.config.trainable,pipeline.CreateNNModelTask.model.layers.233.config.dtype,pipeline.CreateNNModelTask.model.layers.233.config.axis.1,pipeline.CreateNNModelTask.model.layers.233.config.momentum,pipeline.CreateNNModelTask.model.layers.233.config.epsilon,pipeline.CreateNNModelTask.model.layers.233.config.center,pipeline.CreateNNModelTask.model.layers.233.config.scale,pipeline.CreateNNModelTask.model.layers.233.config.beta_initializer.class_name,pipeline.CreateNNModelTask.model.layers.233.config.gamma_initializer.class_name,pipeline.CreateNNModelTask.model.layers.233.config.moving_mean_initializer.class_name,pipeline.CreateNNModelTask.model.layers.233.config.moving_variance_initializer.class_name,pipeline.CreateNNModelTask.model.layers.233.name,pipeline.CreateNNModelTask.model.layers.233.inbound_nodes.1.1.1,pipeline.CreateNNModelTask.model.layers.233.inbound_nodes.1.1.2,pipeline.CreateNNModelTask.model.layers.233.inbound_nodes.1.1.3,pipeline.CreateNNModelTask.model.layers.234.class_name,pipeline.CreateNNModelTask.model.layers.234.config.name,pipeline.CreateNNModelTask.model.layers.234.config.trainable,pipeline.CreateNNModelTask.model.layers.234.config.dtype,pipeline.CreateNNModelTask.model.layers.234.config.activation,pipeline.CreateNNModelTask.model.layers.234.name,pipeline.CreateNNModelTask.model.layers.234.inbound_nodes.1.1.1,pipeline.CreateNNModelTask.model.layers.234.inbound_nodes.1.1.2,pipeline.CreateNNModelTask.model.layers.234.inbound_nodes.1.1.3,pipeline.CreateNNModelTask.model.layers.235.class_name,pipeline.CreateNNModelTask.model.layers.235.config.name,pipeline.CreateNNModelTask.model.layers.235.config.trainable,pipeline.CreateNNModelTask.model.layers.235.config.dtype,pipeline.CreateNNModelTask.model.layers.235.config.filters,pipeline.CreateNNModelTask.model.layers.235.config.kernel_size.1,pipeline.CreateNNModelTask.model.layers.235.config.kernel_size.2,pipeline.CreateNNModelTask.model.layers.235.config.strides.1,pipeline.CreateNNModelTask.model.layers.235.config.strides.2,pipeline.CreateNNModelTask.model.layers.235.config.padding,pipeline.CreateNNModelTask.model.layers.235.config.data_format,pipeline.CreateNNModelTask.model.layers.235.config.dilation_rate.1,pipeline.CreateNNModelTask.model.layers.235.config.dilation_rate.2,pipeline.CreateNNModelTask.model.layers.235.config.groups,pipeline.CreateNNModelTask.model.layers.235.config.activation,pipeline.CreateNNModelTask.model.layers.235.config.use_bias,pipeline.CreateNNModelTask.model.layers.235.config.kernel_initializer.class_name,pipeline.CreateNNModelTask.model.layers.235.config.bias_initializer.class_name,pipeline.CreateNNModelTask.model.layers.235.name,pipeline.CreateNNModelTask.model.layers.235.inbound_nodes.1.1.1,pipeline.CreateNNModelTask.model.layers.235.inbound_nodes.1.1.2,pipeline.CreateNNModelTask.model.layers.235.inbound_nodes.1.1.3,pipeline.CreateNNModelTask.model.layers.236.class_name,pipeline.CreateNNModelTask.model.layers.236.config.name,pipeline.CreateNNModelTask.model.layers.236.config.trainable,pipeline.CreateNNModelTask.model.layers.236.config.dtype,pipeline.CreateNNModelTask.model.layers.236.config.axis.1,pipeline.CreateNNModelTask.model.layers.236.config.momentum,pipeline.CreateNNModelTask.model.layers.236.config.epsilon,pipeline.CreateNNModelTask.model.layers.236.config.center,pipeline.CreateNNModelTask.model.layers.236.config.scale,pipeline.CreateNNModelTask.model.layers.236.config.beta_initializer.class_name,pipeline.CreateNNModelTask.model.layers.236.config.gamma_initializer.class_name,pipeline.CreateNNModelTask.model.layers.236.config.moving_mean_initializer.class_name,pipeline.CreateNNModelTask.model.layers.236.config.moving_variance_initializer.class_name,pipeline.CreateNNModelTask.model.layers.236.name,pipeline.CreateNNModelTask.model.layers.236.inbound_nodes.1.1.1,pipeline.CreateNNModelTask.model.layers.236.inbound_nodes.1.1.2,pipeline.CreateNNModelTask.model.layers.236.inbound_nodes.1.1.3,pipeline.CreateNNModelTask.model.layers.237.class_name,pipeline.CreateNNModelTask.model.layers.237.config.name,pipeline.CreateNNModelTask.model.layers.237.config.trainable,pipeline.CreateNNModelTask.model.layers.237.config.dtype,pipeline.CreateNNModelTask.model.layers.237.config.activation,pipeline.CreateNNModelTask.model.layers.237.name,pipeline.CreateNNModelTask.model.layers.237.inbound_nodes.1.1.1,pipeline.CreateNNModelTask.model.layers.237.inbound_nodes.1.1.2,pipeline.CreateNNModelTask.model.layers.237.inbound_nodes.1.1.3,pipeline.CreateNNModelTask.model.layers.238.class_name,pipeline.CreateNNModelTask.model.layers.238.config.name,pipeline.CreateNNModelTask.model.layers.238.config.trainable,pipeline.CreateNNModelTask.model.layers.238.config.dtype,pipeline.CreateNNModelTask.model.layers.238.config.filters,pipeline.CreateNNModelTask.model.layers.238.config.kernel_size.1,pipeline.CreateNNModelTask.model.layers.238.config.kernel_size.2,pipeline.CreateNNModelTask.model.layers.238.config.strides.1,pipeline.CreateNNModelTask.model.layers.238.config.strides.2,pipeline.CreateNNModelTask.model.layers.238.config.padding,pipeline.CreateNNModelTask.model.layers.238.config.data_format,pipeline.CreateNNModelTask.model.layers.238.config.dilation_rate.1,pipeline.CreateNNModelTask.model.layers.238.config.dilation_rate.2,pipeline.CreateNNModelTask.model.layers.238.config.groups,pipeline.CreateNNModelTask.model.layers.238.config.activation,pipeline.CreateNNModelTask.model.layers.238.config.use_bias,pipeline.CreateNNModelTask.model.layers.238.config.kernel_initializer.class_name,pipeline.CreateNNModelTask.model.layers.238.config.bias_initializer.class_name,pipeline.CreateNNModelTask.model.layers.238.name,pipeline.CreateNNModelTask.model.layers.238.inbound_nodes.1.1.1,pipeline.CreateNNModelTask.model.layers.238.inbound_nodes.1.1.2,pipeline.CreateNNModelTask.model.layers.238.inbound_nodes.1.1.3,pipeline.CreateNNModelTask.model.layers.239.class_name,pipeline.CreateNNModelTask.model.layers.239.config.name,pipeline.CreateNNModelTask.model.layers.239.config.trainable,pipeline.CreateNNModelTask.model.layers.239.config.dtype,pipeline.CreateNNModelTask.model.layers.239.config.axis,pipeline.CreateNNModelTask.model.layers.239.name,pipeline.CreateNNModelTask.model.layers.239.inbound_nodes.1.1.1,pipeline.CreateNNModelTask.model.layers.239.inbound_nodes.1.1.2,pipeline.CreateNNModelTask.model.layers.239.inbound_nodes.1.1.3,pipeline.CreateNNModelTask.model.layers.239.inbound_nodes.1.2.1,pipeline.CreateNNModelTask.model.layers.239.inbound_nodes.1.2.2,pipeline.CreateNNModelTask.model.layers.239.inbound_nodes.1.2.3,pipeline.CreateNNModelTask.model.layers.240.class_name,pipeline.CreateNNModelTask.model.layers.240.config.name,pipeline.CreateNNModelTask.model.layers.240.config.trainable,pipeline.CreateNNModelTask.model.layers.240.config.dtype,pipeline.CreateNNModelTask.model.layers.240.config.axis.1,pipeline.CreateNNModelTask.model.layers.240.config.momentum,pipeline.CreateNNModelTask.model.layers.240.config.epsilon,pipeline.CreateNNModelTask.model.layers.240.config.center,pipeline.CreateNNModelTask.model.layers.240.config.scale,pipeline.CreateNNModelTask.model.layers.240.config.beta_initializer.class_name,pipeline.CreateNNModelTask.model.layers.240.config.gamma_initializer.class_name,pipeline.CreateNNModelTask.model.layers.240.config.moving_mean_initializer.class_name,pipeline.CreateNNModelTask.model.layers.240.config.moving_variance_initializer.class_name,pipeline.CreateNNModelTask.model.layers.240.name,pipeline.CreateNNModelTask.model.layers.240.inbound_nodes.1.1.1,pipeline.CreateNNModelTask.model.layers.240.inbound_nodes.1.1.2,pipeline.CreateNNModelTask.model.layers.240.inbound_nodes.1.1.3,pipeline.CreateNNModelTask.model.layers.241.class_name,pipeline.CreateNNModelTask.model.layers.241.config.name,pipeline.CreateNNModelTask.model.layers.241.config.trainable,pipeline.CreateNNModelTask.model.layers.241.config.dtype,pipeline.CreateNNModelTask.model.layers.241.config.activation,pipeline.CreateNNModelTask.model.layers.241.name,pipeline.CreateNNModelTask.model.layers.241.inbound_nodes.1.1.1,pipeline.CreateNNModelTask.model.layers.241.inbound_nodes.1.1.2,pipeline.CreateNNModelTask.model.layers.241.inbound_nodes.1.1.3,pipeline.CreateNNModelTask.model.layers.242.class_name,pipeline.CreateNNModelTask.model.layers.242.config.name,pipeline.CreateNNModelTask.model.layers.242.config.trainable,pipeline.CreateNNModelTask.model.layers.242.config.dtype,pipeline.CreateNNModelTask.model.layers.242.config.filters,pipeline.CreateNNModelTask.model.layers.242.config.kernel_size.1,pipeline.CreateNNModelTask.model.layers.242.config.kernel_size.2,pipeline.CreateNNModelTask.model.layers.242.config.strides.1,pipeline.CreateNNModelTask.model.layers.242.config.strides.2,pipeline.CreateNNModelTask.model.layers.242.config.padding,pipeline.CreateNNModelTask.model.layers.242.config.data_format,pipeline.CreateNNModelTask.model.layers.242.config.dilation_rate.1,pipeline.CreateNNModelTask.model.layers.242.config.dilation_rate.2,pipeline.CreateNNModelTask.model.layers.242.config.groups,pipeline.CreateNNModelTask.model.layers.242.config.activation,pipeline.CreateNNModelTask.model.layers.242.config.use_bias,pipeline.CreateNNModelTask.model.layers.242.config.kernel_initializer.class_name,pipeline.CreateNNModelTask.model.layers.242.config.bias_initializer.class_name,pipeline.CreateNNModelTask.model.layers.242.name,pipeline.CreateNNModelTask.model.layers.242.inbound_nodes.1.1.1,pipeline.CreateNNModelTask.model.layers.242.inbound_nodes.1.1.2,pipeline.CreateNNModelTask.model.layers.242.inbound_nodes.1.1.3,pipeline.CreateNNModelTask.model.layers.243.class_name,pipeline.CreateNNModelTask.model.layers.243.config.name,pipeline.CreateNNModelTask.model.layers.243.config.trainable,pipeline.CreateNNModelTask.model.layers.243.config.dtype,pipeline.CreateNNModelTask.model.layers.243.config.axis.1,pipeline.CreateNNModelTask.model.layers.243.config.momentum,pipeline.CreateNNModelTask.model.layers.243.config.epsilon,pipeline.CreateNNModelTask.model.layers.243.config.center,pipeline.CreateNNModelTask.model.layers.243.config.scale,pipeline.CreateNNModelTask.model.layers.243.config.beta_initializer.class_name,pipeline.CreateNNModelTask.model.layers.243.config.gamma_initializer.class_name,pipeline.CreateNNModelTask.model.layers.243.config.moving_mean_initializer.class_name,pipeline.CreateNNModelTask.model.layers.243.config.moving_variance_initializer.class_name,pipeline.CreateNNModelTask.model.layers.243.name,pipeline.CreateNNModelTask.model.layers.243.inbound_nodes.1.1.1,pipeline.CreateNNModelTask.model.layers.243.inbound_nodes.1.1.2,pipeline.CreateNNModelTask.model.layers.243.inbound_nodes.1.1.3,pipeline.CreateNNModelTask.model.layers.244.class_name,pipeline.CreateNNModelTask.model.layers.244.config.name,pipeline.CreateNNModelTask.model.layers.244.config.trainable,pipeline.CreateNNModelTask.model.layers.244.config.dtype,pipeline.CreateNNModelTask.model.layers.244.config.activation,pipeline.CreateNNModelTask.model.layers.244.name,pipeline.CreateNNModelTask.model.layers.244.inbound_nodes.1.1.1,pipeline.CreateNNModelTask.model.layers.244.inbound_nodes.1.1.2,pipeline.CreateNNModelTask.model.layers.244.inbound_nodes.1.1.3,pipeline.CreateNNModelTask.model.layers.245.class_name,pipeline.CreateNNModelTask.model.layers.245.config.name,pipeline.CreateNNModelTask.model.layers.245.config.trainable,pipeline.CreateNNModelTask.model.layers.245.config.dtype,pipeline.CreateNNModelTask.model.layers.245.config.filters,pipeline.CreateNNModelTask.model.layers.245.config.kernel_size.1,pipeline.CreateNNModelTask.model.layers.245.config.kernel_size.2,pipeline.CreateNNModelTask.model.layers.245.config.strides.1,pipeline.CreateNNModelTask.model.layers.245.config.strides.2,pipeline.CreateNNModelTask.model.layers.245.config.padding,pipeline.CreateNNModelTask.model.layers.245.config.data_format,pipeline.CreateNNModelTask.model.layers.245.config.dilation_rate.1,pipeline.CreateNNModelTask.model.layers.245.config.dilation_rate.2,pipeline.CreateNNModelTask.model.layers.245.config.groups,pipeline.CreateNNModelTask.model.layers.245.config.activation,pipeline.CreateNNModelTask.model.layers.245.config.use_bias,pipeline.CreateNNModelTask.model.layers.245.config.kernel_initializer.class_name,pipeline.CreateNNModelTask.model.layers.245.config.bias_initializer.class_name,pipeline.CreateNNModelTask.model.layers.245.name,pipeline.CreateNNModelTask.model.layers.245.inbound_nodes.1.1.1,pipeline.CreateNNModelTask.model.layers.245.inbound_nodes.1.1.2,pipeline.CreateNNModelTask.model.layers.245.inbound_nodes.1.1.3,pipeline.CreateNNModelTask.model.layers.246.class_name,pipeline.CreateNNModelTask.model.layers.246.config.name,pipeline.CreateNNModelTask.model.layers.246.config.trainable,pipeline.CreateNNModelTask.model.layers.246.config.dtype,pipeline.CreateNNModelTask.model.layers.246.config.axis,pipeline.CreateNNModelTask.model.layers.246.name,pipeline.CreateNNModelTask.model.layers.246.inbound_nodes.1.1.1,pipeline.CreateNNModelTask.model.layers.246.inbound_nodes.1.1.2,pipeline.CreateNNModelTask.model.layers.246.inbound_nodes.1.1.3,pipeline.CreateNNModelTask.model.layers.246.inbound_nodes.1.2.1,pipeline.CreateNNModelTask.model.layers.246.inbound_nodes.1.2.2,pipeline.CreateNNModelTask.model.layers.246.inbound_nodes.1.2.3,pipeline.CreateNNModelTask.model.layers.247.class_name,pipeline.CreateNNModelTask.model.layers.247.config.name,pipeline.CreateNNModelTask.model.layers.247.config.trainable,pipeline.CreateNNModelTask.model.layers.247.config.dtype,pipeline.CreateNNModelTask.model.layers.247.config.axis.1,pipeline.CreateNNModelTask.model.layers.247.config.momentum,pipeline.CreateNNModelTask.model.layers.247.config.epsilon,pipeline.CreateNNModelTask.model.layers.247.config.center,pipeline.CreateNNModelTask.model.layers.247.config.scale,pipeline.CreateNNModelTask.model.layers.247.config.beta_initializer.class_name,pipeline.CreateNNModelTask.model.layers.247.config.gamma_initializer.class_name,pipeline.CreateNNModelTask.model.layers.247.config.moving_mean_initializer.class_name,pipeline.CreateNNModelTask.model.layers.247.config.moving_variance_initializer.class_name,pipeline.CreateNNModelTask.model.layers.247.name,pipeline.CreateNNModelTask.model.layers.247.inbound_nodes.1.1.1,pipeline.CreateNNModelTask.model.layers.247.inbound_nodes.1.1.2,pipeline.CreateNNModelTask.model.layers.247.inbound_nodes.1.1.3,pipeline.CreateNNModelTask.model.layers.248.class_name,pipeline.CreateNNModelTask.model.layers.248.config.name,pipeline.CreateNNModelTask.model.layers.248.config.trainable,pipeline.CreateNNModelTask.model.layers.248.config.dtype,pipeline.CreateNNModelTask.model.layers.248.config.activation,pipeline.CreateNNModelTask.model.layers.248.name,pipeline.CreateNNModelTask.model.layers.248.inbound_nodes.1.1.1,pipeline.CreateNNModelTask.model.layers.248.inbound_nodes.1.1.2,pipeline.CreateNNModelTask.model.layers.248.inbound_nodes.1.1.3,pipeline.CreateNNModelTask.model.layers.249.class_name,pipeline.CreateNNModelTask.model.layers.249.config.name,pipeline.CreateNNModelTask.model.layers.249.config.trainable,pipeline.CreateNNModelTask.model.layers.249.config.dtype,pipeline.CreateNNModelTask.model.layers.249.config.filters,pipeline.CreateNNModelTask.model.layers.249.config.kernel_size.1,pipeline.CreateNNModelTask.model.layers.249.config.kernel_size.2,pipeline.CreateNNModelTask.model.layers.249.config.strides.1,pipeline.CreateNNModelTask.model.layers.249.config.strides.2,pipeline.CreateNNModelTask.model.layers.249.config.padding,pipeline.CreateNNModelTask.model.layers.249.config.data_format,pipeline.CreateNNModelTask.model.layers.249.config.dilation_rate.1,pipeline.CreateNNModelTask.model.layers.249.config.dilation_rate.2,pipeline.CreateNNModelTask.model.layers.249.config.groups,pipeline.CreateNNModelTask.model.layers.249.config.activation,pipeline.CreateNNModelTask.model.layers.249.config.use_bias,pipeline.CreateNNModelTask.model.layers.249.config.kernel_initializer.class_name,pipeline.CreateNNModelTask.model.layers.249.config.bias_initializer.class_name,pipeline.CreateNNModelTask.model.layers.249.name,pipeline.CreateNNModelTask.model.layers.249.inbound_nodes.1.1.1,pipeline.CreateNNModelTask.model.layers.249.inbound_nodes.1.1.2,pipeline.CreateNNModelTask.model.layers.249.inbound_nodes.1.1.3,pipeline.CreateNNModelTask.model.layers.250.class_name,pipeline.CreateNNModelTask.model.layers.250.config.name,pipeline.CreateNNModelTask.model.layers.250.config.trainable,pipeline.CreateNNModelTask.model.layers.250.config.dtype,pipeline.CreateNNModelTask.model.layers.250.config.axis.1,pipeline.CreateNNModelTask.model.layers.250.config.momentum,pipeline.CreateNNModelTask.model.layers.250.config.epsilon,pipeline.CreateNNModelTask.model.layers.250.config.center,pipeline.CreateNNModelTask.model.layers.250.config.scale,pipeline.CreateNNModelTask.model.layers.250.config.beta_initializer.class_name,pipeline.CreateNNModelTask.model.layers.250.config.gamma_initializer.class_name,pipeline.CreateNNModelTask.model.layers.250.config.moving_mean_initializer.class_name,pipeline.CreateNNModelTask.model.layers.250.config.moving_variance_initializer.class_name,pipeline.CreateNNModelTask.model.layers.250.name,pipeline.CreateNNModelTask.model.layers.250.inbound_nodes.1.1.1,pipeline.CreateNNModelTask.model.layers.250.inbound_nodes.1.1.2,pipeline.CreateNNModelTask.model.layers.250.inbound_nodes.1.1.3,pipeline.CreateNNModelTask.model.layers.251.class_name,pipeline.CreateNNModelTask.model.layers.251.config.name,pipeline.CreateNNModelTask.model.layers.251.config.trainable,pipeline.CreateNNModelTask.model.layers.251.config.dtype,pipeline.CreateNNModelTask.model.layers.251.config.activation,pipeline.CreateNNModelTask.model.layers.251.name,pipeline.CreateNNModelTask.model.layers.251.inbound_nodes.1.1.1,pipeline.CreateNNModelTask.model.layers.251.inbound_nodes.1.1.2,pipeline.CreateNNModelTask.model.layers.251.inbound_nodes.1.1.3,pipeline.CreateNNModelTask.model.layers.252.class_name,pipeline.CreateNNModelTask.model.layers.252.config.name,pipeline.CreateNNModelTask.model.layers.252.config.trainable,pipeline.CreateNNModelTask.model.layers.252.config.dtype,pipeline.CreateNNModelTask.model.layers.252.config.filters,pipeline.CreateNNModelTask.model.layers.252.config.kernel_size.1,pipeline.CreateNNModelTask.model.layers.252.config.kernel_size.2,pipeline.CreateNNModelTask.model.layers.252.config.strides.1,pipeline.CreateNNModelTask.model.layers.252.config.strides.2,pipeline.CreateNNModelTask.model.layers.252.config.padding,pipeline.CreateNNModelTask.model.layers.252.config.data_format,pipeline.CreateNNModelTask.model.layers.252.config.dilation_rate.1,pipeline.CreateNNModelTask.model.layers.252.config.dilation_rate.2,pipeline.CreateNNModelTask.model.layers.252.config.groups,pipeline.CreateNNModelTask.model.layers.252.config.activation,pipeline.CreateNNModelTask.model.layers.252.config.use_bias,pipeline.CreateNNModelTask.model.layers.252.config.kernel_initializer.class_name,pipeline.CreateNNModelTask.model.layers.252.config.bias_initializer.class_name,pipeline.CreateNNModelTask.model.layers.252.name,pipeline.CreateNNModelTask.model.layers.252.inbound_nodes.1.1.1,pipeline.CreateNNModelTask.model.layers.252.inbound_nodes.1.1.2,pipeline.CreateNNModelTask.model.layers.252.inbound_nodes.1.1.3,pipeline.CreateNNModelTask.model.layers.253.class_name,pipeline.CreateNNModelTask.model.layers.253.config.name,pipeline.CreateNNModelTask.model.layers.253.config.trainable,pipeline.CreateNNModelTask.model.layers.253.config.dtype,pipeline.CreateNNModelTask.model.layers.253.config.axis,pipeline.CreateNNModelTask.model.layers.253.name,pipeline.CreateNNModelTask.model.layers.253.inbound_nodes.1.1.1,pipeline.CreateNNModelTask.model.layers.253.inbound_nodes.1.1.2,pipeline.CreateNNModelTask.model.layers.253.inbound_nodes.1.1.3,pipeline.CreateNNModelTask.model.layers.253.inbound_nodes.1.2.1,pipeline.CreateNNModelTask.model.layers.253.inbound_nodes.1.2.2,pipeline.CreateNNModelTask.model.layers.253.inbound_nodes.1.2.3,pipeline.CreateNNModelTask.model.layers.254.class_name,pipeline.CreateNNModelTask.model.layers.254.config.name,pipeline.CreateNNModelTask.model.layers.254.config.trainable,pipeline.CreateNNModelTask.model.layers.254.config.dtype,pipeline.CreateNNModelTask.model.layers.254.config.axis.1,pipeline.CreateNNModelTask.model.layers.254.config.momentum,pipeline.CreateNNModelTask.model.layers.254.config.epsilon,pipeline.CreateNNModelTask.model.layers.254.config.center,pipeline.CreateNNModelTask.model.layers.254.config.scale,pipeline.CreateNNModelTask.model.layers.254.config.beta_initializer.class_name,pipeline.CreateNNModelTask.model.layers.254.config.gamma_initializer.class_name,pipeline.CreateNNModelTask.model.layers.254.config.moving_mean_initializer.class_name,pipeline.CreateNNModelTask.model.layers.254.config.moving_variance_initializer.class_name,pipeline.CreateNNModelTask.model.layers.254.name,pipeline.CreateNNModelTask.model.layers.254.inbound_nodes.1.1.1,pipeline.CreateNNModelTask.model.layers.254.inbound_nodes.1.1.2,pipeline.CreateNNModelTask.model.layers.254.inbound_nodes.1.1.3,pipeline.CreateNNModelTask.model.layers.255.class_name,pipeline.CreateNNModelTask.model.layers.255.config.name,pipeline.CreateNNModelTask.model.layers.255.config.trainable,pipeline.CreateNNModelTask.model.layers.255.config.dtype,pipeline.CreateNNModelTask.model.layers.255.config.activation,pipeline.CreateNNModelTask.model.layers.255.name,pipeline.CreateNNModelTask.model.layers.255.inbound_nodes.1.1.1,pipeline.CreateNNModelTask.model.layers.255.inbound_nodes.1.1.2,pipeline.CreateNNModelTask.model.layers.255.inbound_nodes.1.1.3,pipeline.CreateNNModelTask.model.layers.256.class_name,pipeline.CreateNNModelTask.model.layers.256.config.name,pipeline.CreateNNModelTask.model.layers.256.config.trainable,pipeline.CreateNNModelTask.model.layers.256.config.dtype,pipeline.CreateNNModelTask.model.layers.256.config.filters,pipeline.CreateNNModelTask.model.layers.256.config.kernel_size.1,pipeline.CreateNNModelTask.model.layers.256.config.kernel_size.2,pipeline.CreateNNModelTask.model.layers.256.config.strides.1,pipeline.CreateNNModelTask.model.layers.256.config.strides.2,pipeline.CreateNNModelTask.model.layers.256.config.padding,pipeline.CreateNNModelTask.model.layers.256.config.data_format,pipeline.CreateNNModelTask.model.layers.256.config.dilation_rate.1,pipeline.CreateNNModelTask.model.layers.256.config.dilation_rate.2,pipeline.CreateNNModelTask.model.layers.256.config.groups,pipeline.CreateNNModelTask.model.layers.256.config.activation,pipeline.CreateNNModelTask.model.layers.256.config.use_bias,pipeline.CreateNNModelTask.model.layers.256.config.kernel_initializer.class_name,pipeline.CreateNNModelTask.model.layers.256.config.bias_initializer.class_name,pipeline.CreateNNModelTask.model.layers.256.name,pipeline.CreateNNModelTask.model.layers.256.inbound_nodes.1.1.1,pipeline.CreateNNModelTask.model.layers.256.inbound_nodes.1.1.2,pipeline.CreateNNModelTask.model.layers.256.inbound_nodes.1.1.3,pipeline.CreateNNModelTask.model.layers.257.class_name,pipeline.CreateNNModelTask.model.layers.257.config.name,pipeline.CreateNNModelTask.model.layers.257.config.trainable,pipeline.CreateNNModelTask.model.layers.257.config.dtype,pipeline.CreateNNModelTask.model.layers.257.config.axis.1,pipeline.CreateNNModelTask.model.layers.257.config.momentum,pipeline.CreateNNModelTask.model.layers.257.config.epsilon,pipeline.CreateNNModelTask.model.layers.257.config.center,pipeline.CreateNNModelTask.model.layers.257.config.scale,pipeline.CreateNNModelTask.model.layers.257.config.beta_initializer.class_name,pipeline.CreateNNModelTask.model.layers.257.config.gamma_initializer.class_name,pipeline.CreateNNModelTask.model.layers.257.config.moving_mean_initializer.class_name,pipeline.CreateNNModelTask.model.layers.257.config.moving_variance_initializer.class_name,pipeline.CreateNNModelTask.model.layers.257.name,pipeline.CreateNNModelTask.model.layers.257.inbound_nodes.1.1.1,pipeline.CreateNNModelTask.model.layers.257.inbound_nodes.1.1.2,pipeline.CreateNNModelTask.model.layers.257.inbound_nodes.1.1.3,pipeline.CreateNNModelTask.model.layers.258.class_name,pipeline.CreateNNModelTask.model.layers.258.config.name,pipeline.CreateNNModelTask.model.layers.258.config.trainable,pipeline.CreateNNModelTask.model.layers.258.config.dtype,pipeline.CreateNNModelTask.model.layers.258.config.activation,pipeline.CreateNNModelTask.model.layers.258.name,pipeline.CreateNNModelTask.model.layers.258.inbound_nodes.1.1.1,pipeline.CreateNNModelTask.model.layers.258.inbound_nodes.1.1.2,pipeline.CreateNNModelTask.model.layers.258.inbound_nodes.1.1.3,pipeline.CreateNNModelTask.model.layers.259.class_name,pipeline.CreateNNModelTask.model.layers.259.config.name,pipeline.CreateNNModelTask.model.layers.259.config.trainable,pipeline.CreateNNModelTask.model.layers.259.config.dtype,pipeline.CreateNNModelTask.model.layers.259.config.filters,pipeline.CreateNNModelTask.model.layers.259.config.kernel_size.1,pipeline.CreateNNModelTask.model.layers.259.config.kernel_size.2,pipeline.CreateNNModelTask.model.layers.259.config.strides.1,pipeline.CreateNNModelTask.model.layers.259.config.strides.2,pipeline.CreateNNModelTask.model.layers.259.config.padding,pipeline.CreateNNModelTask.model.layers.259.config.data_format,pipeline.CreateNNModelTask.model.layers.259.config.dilation_rate.1,pipeline.CreateNNModelTask.model.layers.259.config.dilation_rate.2,pipeline.CreateNNModelTask.model.layers.259.config.groups,pipeline.CreateNNModelTask.model.layers.259.config.activation,pipeline.CreateNNModelTask.model.layers.259.config.use_bias,pipeline.CreateNNModelTask.model.layers.259.config.kernel_initializer.class_name,pipeline.CreateNNModelTask.model.layers.259.config.bias_initializer.class_name,pipeline.CreateNNModelTask.model.layers.259.name,pipeline.CreateNNModelTask.model.layers.259.inbound_nodes.1.1.1,pipeline.CreateNNModelTask.model.layers.259.inbound_nodes.1.1.2,pipeline.CreateNNModelTask.model.layers.259.inbound_nodes.1.1.3,pipeline.CreateNNModelTask.model.layers.260.class_name,pipeline.CreateNNModelTask.model.layers.260.config.name,pipeline.CreateNNModelTask.model.layers.260.config.trainable,pipeline.CreateNNModelTask.model.layers.260.config.dtype,pipeline.CreateNNModelTask.model.layers.260.config.axis,pipeline.CreateNNModelTask.model.layers.260.name,pipeline.CreateNNModelTask.model.layers.260.inbound_nodes.1.1.1,pipeline.CreateNNModelTask.model.layers.260.inbound_nodes.1.1.2,pipeline.CreateNNModelTask.model.layers.260.inbound_nodes.1.1.3,pipeline.CreateNNModelTask.model.layers.260.inbound_nodes.1.2.1,pipeline.CreateNNModelTask.model.layers.260.inbound_nodes.1.2.2,pipeline.CreateNNModelTask.model.layers.260.inbound_nodes.1.2.3,pipeline.CreateNNModelTask.model.layers.261.class_name,pipeline.CreateNNModelTask.model.layers.261.config.name,pipeline.CreateNNModelTask.model.layers.261.config.trainable,pipeline.CreateNNModelTask.model.layers.261.config.dtype,pipeline.CreateNNModelTask.model.layers.261.config.axis.1,pipeline.CreateNNModelTask.model.layers.261.config.momentum,pipeline.CreateNNModelTask.model.layers.261.config.epsilon,pipeline.CreateNNModelTask.model.layers.261.config.center,pipeline.CreateNNModelTask.model.layers.261.config.scale,pipeline.CreateNNModelTask.model.layers.261.config.beta_initializer.class_name,pipeline.CreateNNModelTask.model.layers.261.config.gamma_initializer.class_name,pipeline.CreateNNModelTask.model.layers.261.config.moving_mean_initializer.class_name,pipeline.CreateNNModelTask.model.layers.261.config.moving_variance_initializer.class_name,pipeline.CreateNNModelTask.model.layers.261.name,pipeline.CreateNNModelTask.model.layers.261.inbound_nodes.1.1.1,pipeline.CreateNNModelTask.model.layers.261.inbound_nodes.1.1.2,pipeline.CreateNNModelTask.model.layers.261.inbound_nodes.1.1.3,pipeline.CreateNNModelTask.model.layers.262.class_name,pipeline.CreateNNModelTask.model.layers.262.config.name,pipeline.CreateNNModelTask.model.layers.262.config.trainable,pipeline.CreateNNModelTask.model.layers.262.config.dtype,pipeline.CreateNNModelTask.model.layers.262.config.activation,pipeline.CreateNNModelTask.model.layers.262.name,pipeline.CreateNNModelTask.model.layers.262.inbound_nodes.1.1.1,pipeline.CreateNNModelTask.model.layers.262.inbound_nodes.1.1.2,pipeline.CreateNNModelTask.model.layers.262.inbound_nodes.1.1.3,pipeline.CreateNNModelTask.model.layers.263.class_name,pipeline.CreateNNModelTask.model.layers.263.config.name,pipeline.CreateNNModelTask.model.layers.263.config.trainable,pipeline.CreateNNModelTask.model.layers.263.config.dtype,pipeline.CreateNNModelTask.model.layers.263.config.filters,pipeline.CreateNNModelTask.model.layers.263.config.kernel_size.1,pipeline.CreateNNModelTask.model.layers.263.config.kernel_size.2,pipeline.CreateNNModelTask.model.layers.263.config.strides.1,pipeline.CreateNNModelTask.model.layers.263.config.strides.2,pipeline.CreateNNModelTask.model.layers.263.config.padding,pipeline.CreateNNModelTask.model.layers.263.config.data_format,pipeline.CreateNNModelTask.model.layers.263.config.dilation_rate.1,pipeline.CreateNNModelTask.model.layers.263.config.dilation_rate.2,pipeline.CreateNNModelTask.model.layers.263.config.groups,pipeline.CreateNNModelTask.model.layers.263.config.activation,pipeline.CreateNNModelTask.model.layers.263.config.use_bias,pipeline.CreateNNModelTask.model.layers.263.config.kernel_initializer.class_name,pipeline.CreateNNModelTask.model.layers.263.config.bias_initializer.class_name,pipeline.CreateNNModelTask.model.layers.263.name,pipeline.CreateNNModelTask.model.layers.263.inbound_nodes.1.1.1,pipeline.CreateNNModelTask.model.layers.263.inbound_nodes.1.1.2,pipeline.CreateNNModelTask.model.layers.263.inbound_nodes.1.1.3,pipeline.CreateNNModelTask.model.layers.264.class_name,pipeline.CreateNNModelTask.model.layers.264.config.name,pipeline.CreateNNModelTask.model.layers.264.config.trainable,pipeline.CreateNNModelTask.model.layers.264.config.dtype,pipeline.CreateNNModelTask.model.layers.264.config.axis.1,pipeline.CreateNNModelTask.model.layers.264.config.momentum,pipeline.CreateNNModelTask.model.layers.264.config.epsilon,pipeline.CreateNNModelTask.model.layers.264.config.center,pipeline.CreateNNModelTask.model.layers.264.config.scale,pipeline.CreateNNModelTask.model.layers.264.config.beta_initializer.class_name,pipeline.CreateNNModelTask.model.layers.264.config.gamma_initializer.class_name,pipeline.CreateNNModelTask.model.layers.264.config.moving_mean_initializer.class_name,pipeline.CreateNNModelTask.model.layers.264.config.moving_variance_initializer.class_name,pipeline.CreateNNModelTask.model.layers.264.name,pipeline.CreateNNModelTask.model.layers.264.inbound_nodes.1.1.1,pipeline.CreateNNModelTask.model.layers.264.inbound_nodes.1.1.2,pipeline.CreateNNModelTask.model.layers.264.inbound_nodes.1.1.3,pipeline.CreateNNModelTask.model.layers.265.class_name,pipeline.CreateNNModelTask.model.layers.265.config.name,pipeline.CreateNNModelTask.model.layers.265.config.trainable,pipeline.CreateNNModelTask.model.layers.265.config.dtype,pipeline.CreateNNModelTask.model.layers.265.config.activation,pipeline.CreateNNModelTask.model.layers.265.name,pipeline.CreateNNModelTask.model.layers.265.inbound_nodes.1.1.1,pipeline.CreateNNModelTask.model.layers.265.inbound_nodes.1.1.2,pipeline.CreateNNModelTask.model.layers.265.inbound_nodes.1.1.3,pipeline.CreateNNModelTask.model.layers.266.class_name,pipeline.CreateNNModelTask.model.layers.266.config.name,pipeline.CreateNNModelTask.model.layers.266.config.trainable,pipeline.CreateNNModelTask.model.layers.266.config.dtype,pipeline.CreateNNModelTask.model.layers.266.config.filters,pipeline.CreateNNModelTask.model.layers.266.config.kernel_size.1,pipeline.CreateNNModelTask.model.layers.266.config.kernel_size.2,pipeline.CreateNNModelTask.model.layers.266.config.strides.1,pipeline.CreateNNModelTask.model.layers.266.config.strides.2,pipeline.CreateNNModelTask.model.layers.266.config.padding,pipeline.CreateNNModelTask.model.layers.266.config.data_format,pipeline.CreateNNModelTask.model.layers.266.config.dilation_rate.1,pipeline.CreateNNModelTask.model.layers.266.config.dilation_rate.2,pipeline.CreateNNModelTask.model.layers.266.config.groups,pipeline.CreateNNModelTask.model.layers.266.config.activation,pipeline.CreateNNModelTask.model.layers.266.config.use_bias,pipeline.CreateNNModelTask.model.layers.266.config.kernel_initializer.class_name,pipeline.CreateNNModelTask.model.layers.266.config.bias_initializer.class_name,pipeline.CreateNNModelTask.model.layers.266.name,pipeline.CreateNNModelTask.model.layers.266.inbound_nodes.1.1.1,pipeline.CreateNNModelTask.model.layers.266.inbound_nodes.1.1.2,pipeline.CreateNNModelTask.model.layers.266.inbound_nodes.1.1.3,pipeline.CreateNNModelTask.model.layers.267.class_name,pipeline.CreateNNModelTask.model.layers.267.config.name,pipeline.CreateNNModelTask.model.layers.267.config.trainable,pipeline.CreateNNModelTask.model.layers.267.config.dtype,pipeline.CreateNNModelTask.model.layers.267.config.axis,pipeline.CreateNNModelTask.model.layers.267.name,pipeline.CreateNNModelTask.model.layers.267.inbound_nodes.1.1.1,pipeline.CreateNNModelTask.model.layers.267.inbound_nodes.1.1.2,pipeline.CreateNNModelTask.model.layers.267.inbound_nodes.1.1.3,pipeline.CreateNNModelTask.model.layers.267.inbound_nodes.1.2.1,pipeline.CreateNNModelTask.model.layers.267.inbound_nodes.1.2.2,pipeline.CreateNNModelTask.model.layers.267.inbound_nodes.1.2.3,pipeline.CreateNNModelTask.model.layers.268.class_name,pipeline.CreateNNModelTask.model.layers.268.config.name,pipeline.CreateNNModelTask.model.layers.268.config.trainable,pipeline.CreateNNModelTask.model.layers.268.config.dtype,pipeline.CreateNNModelTask.model.layers.268.config.axis.1,pipeline.CreateNNModelTask.model.layers.268.config.momentum,pipeline.CreateNNModelTask.model.layers.268.config.epsilon,pipeline.CreateNNModelTask.model.layers.268.config.center,pipeline.CreateNNModelTask.model.layers.268.config.scale,pipeline.CreateNNModelTask.model.layers.268.config.beta_initializer.class_name,pipeline.CreateNNModelTask.model.layers.268.config.gamma_initializer.class_name,pipeline.CreateNNModelTask.model.layers.268.config.moving_mean_initializer.class_name,pipeline.CreateNNModelTask.model.layers.268.config.moving_variance_initializer.class_name,pipeline.CreateNNModelTask.model.layers.268.name,pipeline.CreateNNModelTask.model.layers.268.inbound_nodes.1.1.1,pipeline.CreateNNModelTask.model.layers.268.inbound_nodes.1.1.2,pipeline.CreateNNModelTask.model.layers.268.inbound_nodes.1.1.3,pipeline.CreateNNModelTask.model.layers.269.class_name,pipeline.CreateNNModelTask.model.layers.269.config.name,pipeline.CreateNNModelTask.model.layers.269.config.trainable,pipeline.CreateNNModelTask.model.layers.269.config.dtype,pipeline.CreateNNModelTask.model.layers.269.config.activation,pipeline.CreateNNModelTask.model.layers.269.name,pipeline.CreateNNModelTask.model.layers.269.inbound_nodes.1.1.1,pipeline.CreateNNModelTask.model.layers.269.inbound_nodes.1.1.2,pipeline.CreateNNModelTask.model.layers.269.inbound_nodes.1.1.3,pipeline.CreateNNModelTask.model.layers.270.class_name,pipeline.CreateNNModelTask.model.layers.270.config.name,pipeline.CreateNNModelTask.model.layers.270.config.trainable,pipeline.CreateNNModelTask.model.layers.270.config.dtype,pipeline.CreateNNModelTask.model.layers.270.config.filters,pipeline.CreateNNModelTask.model.layers.270.config.kernel_size.1,pipeline.CreateNNModelTask.model.layers.270.config.kernel_size.2,pipeline.CreateNNModelTask.model.layers.270.config.strides.1,pipeline.CreateNNModelTask.model.layers.270.config.strides.2,pipeline.CreateNNModelTask.model.layers.270.config.padding,pipeline.CreateNNModelTask.model.layers.270.config.data_format,pipeline.CreateNNModelTask.model.layers.270.config.dilation_rate.1,pipeline.CreateNNModelTask.model.layers.270.config.dilation_rate.2,pipeline.CreateNNModelTask.model.layers.270.config.groups,pipeline.CreateNNModelTask.model.layers.270.config.activation,pipeline.CreateNNModelTask.model.layers.270.config.use_bias,pipeline.CreateNNModelTask.model.layers.270.config.kernel_initializer.class_name,pipeline.CreateNNModelTask.model.layers.270.config.bias_initializer.class_name,pipeline.CreateNNModelTask.model.layers.270.name,pipeline.CreateNNModelTask.model.layers.270.inbound_nodes.1.1.1,pipeline.CreateNNModelTask.model.layers.270.inbound_nodes.1.1.2,pipeline.CreateNNModelTask.model.layers.270.inbound_nodes.1.1.3,pipeline.CreateNNModelTask.model.layers.271.class_name,pipeline.CreateNNModelTask.model.layers.271.config.name,pipeline.CreateNNModelTask.model.layers.271.config.trainable,pipeline.CreateNNModelTask.model.layers.271.config.dtype,pipeline.CreateNNModelTask.model.layers.271.config.axis.1,pipeline.CreateNNModelTask.model.layers.271.config.momentum,pipeline.CreateNNModelTask.model.layers.271.config.epsilon,pipeline.CreateNNModelTask.model.layers.271.config.center,pipeline.CreateNNModelTask.model.layers.271.config.scale,pipeline.CreateNNModelTask.model.layers.271.config.beta_initializer.class_name,pipeline.CreateNNModelTask.model.layers.271.config.gamma_initializer.class_name,pipeline.CreateNNModelTask.model.layers.271.config.moving_mean_initializer.class_name,pipeline.CreateNNModelTask.model.layers.271.config.moving_variance_initializer.class_name,pipeline.CreateNNModelTask.model.layers.271.name,pipeline.CreateNNModelTask.model.layers.271.inbound_nodes.1.1.1,pipeline.CreateNNModelTask.model.layers.271.inbound_nodes.1.1.2,pipeline.CreateNNModelTask.model.layers.271.inbound_nodes.1.1.3,pipeline.CreateNNModelTask.model.layers.272.class_name,pipeline.CreateNNModelTask.model.layers.272.config.name,pipeline.CreateNNModelTask.model.layers.272.config.trainable,pipeline.CreateNNModelTask.model.layers.272.config.dtype,pipeline.CreateNNModelTask.model.layers.272.config.activation,pipeline.CreateNNModelTask.model.layers.272.name,pipeline.CreateNNModelTask.model.layers.272.inbound_nodes.1.1.1,pipeline.CreateNNModelTask.model.layers.272.inbound_nodes.1.1.2,pipeline.CreateNNModelTask.model.layers.272.inbound_nodes.1.1.3,pipeline.CreateNNModelTask.model.layers.273.class_name,pipeline.CreateNNModelTask.model.layers.273.config.name,pipeline.CreateNNModelTask.model.layers.273.config.trainable,pipeline.CreateNNModelTask.model.layers.273.config.dtype,pipeline.CreateNNModelTask.model.layers.273.config.filters,pipeline.CreateNNModelTask.model.layers.273.config.kernel_size.1,pipeline.CreateNNModelTask.model.layers.273.config.kernel_size.2,pipeline.CreateNNModelTask.model.layers.273.config.strides.1,pipeline.CreateNNModelTask.model.layers.273.config.strides.2,pipeline.CreateNNModelTask.model.layers.273.config.padding,pipeline.CreateNNModelTask.model.layers.273.config.data_format,pipeline.CreateNNModelTask.model.layers.273.config.dilation_rate.1,pipeline.CreateNNModelTask.model.layers.273.config.dilation_rate.2,pipeline.CreateNNModelTask.model.layers.273.config.groups,pipeline.CreateNNModelTask.model.layers.273.config.activation,pipeline.CreateNNModelTask.model.layers.273.config.use_bias,pipeline.CreateNNModelTask.model.layers.273.config.kernel_initializer.class_name,pipeline.CreateNNModelTask.model.layers.273.config.bias_initializer.class_name,pipeline.CreateNNModelTask.model.layers.273.name,pipeline.CreateNNModelTask.model.layers.273.inbound_nodes.1.1.1,pipeline.CreateNNModelTask.model.layers.273.inbound_nodes.1.1.2,pipeline.CreateNNModelTask.model.layers.273.inbound_nodes.1.1.3,pipeline.CreateNNModelTask.model.layers.274.class_name,pipeline.CreateNNModelTask.model.layers.274.config.name,pipeline.CreateNNModelTask.model.layers.274.config.trainable,pipeline.CreateNNModelTask.model.layers.274.config.dtype,pipeline.CreateNNModelTask.model.layers.274.config.axis,pipeline.CreateNNModelTask.model.layers.274.name,pipeline.CreateNNModelTask.model.layers.274.inbound_nodes.1.1.1,pipeline.CreateNNModelTask.model.layers.274.inbound_nodes.1.1.2,pipeline.CreateNNModelTask.model.layers.274.inbound_nodes.1.1.3,pipeline.CreateNNModelTask.model.layers.274.inbound_nodes.1.2.1,pipeline.CreateNNModelTask.model.layers.274.inbound_nodes.1.2.2,pipeline.CreateNNModelTask.model.layers.274.inbound_nodes.1.2.3,pipeline.CreateNNModelTask.model.layers.275.class_name,pipeline.CreateNNModelTask.model.layers.275.config.name,pipeline.CreateNNModelTask.model.layers.275.config.trainable,pipeline.CreateNNModelTask.model.layers.275.config.dtype,pipeline.CreateNNModelTask.model.layers.275.config.axis.1,pipeline.CreateNNModelTask.model.layers.275.config.momentum,pipeline.CreateNNModelTask.model.layers.275.config.epsilon,pipeline.CreateNNModelTask.model.layers.275.config.center,pipeline.CreateNNModelTask.model.layers.275.config.scale,pipeline.CreateNNModelTask.model.layers.275.config.beta_initializer.class_name,pipeline.CreateNNModelTask.model.layers.275.config.gamma_initializer.class_name,pipeline.CreateNNModelTask.model.layers.275.config.moving_mean_initializer.class_name,pipeline.CreateNNModelTask.model.layers.275.config.moving_variance_initializer.class_name,pipeline.CreateNNModelTask.model.layers.275.name,pipeline.CreateNNModelTask.model.layers.275.inbound_nodes.1.1.1,pipeline.CreateNNModelTask.model.layers.275.inbound_nodes.1.1.2,pipeline.CreateNNModelTask.model.layers.275.inbound_nodes.1.1.3,pipeline.CreateNNModelTask.model.layers.276.class_name,pipeline.CreateNNModelTask.model.layers.276.config.name,pipeline.CreateNNModelTask.model.layers.276.config.trainable,pipeline.CreateNNModelTask.model.layers.276.config.dtype,pipeline.CreateNNModelTask.model.layers.276.config.activation,pipeline.CreateNNModelTask.model.layers.276.name,pipeline.CreateNNModelTask.model.layers.276.inbound_nodes.1.1.1,pipeline.CreateNNModelTask.model.layers.276.inbound_nodes.1.1.2,pipeline.CreateNNModelTask.model.layers.276.inbound_nodes.1.1.3,pipeline.CreateNNModelTask.model.layers.277.class_name,pipeline.CreateNNModelTask.model.layers.277.config.name,pipeline.CreateNNModelTask.model.layers.277.config.trainable,pipeline.CreateNNModelTask.model.layers.277.config.dtype,pipeline.CreateNNModelTask.model.layers.277.config.filters,pipeline.CreateNNModelTask.model.layers.277.config.kernel_size.1,pipeline.CreateNNModelTask.model.layers.277.config.kernel_size.2,pipeline.CreateNNModelTask.model.layers.277.config.strides.1,pipeline.CreateNNModelTask.model.layers.277.config.strides.2,pipeline.CreateNNModelTask.model.layers.277.config.padding,pipeline.CreateNNModelTask.model.layers.277.config.data_format,pipeline.CreateNNModelTask.model.layers.277.config.dilation_rate.1,pipeline.CreateNNModelTask.model.layers.277.config.dilation_rate.2,pipeline.CreateNNModelTask.model.layers.277.config.groups,pipeline.CreateNNModelTask.model.layers.277.config.activation,pipeline.CreateNNModelTask.model.layers.277.config.use_bias,pipeline.CreateNNModelTask.model.layers.277.config.kernel_initializer.class_name,pipeline.CreateNNModelTask.model.layers.277.config.bias_initializer.class_name,pipeline.CreateNNModelTask.model.layers.277.name,pipeline.CreateNNModelTask.model.layers.277.inbound_nodes.1.1.1,pipeline.CreateNNModelTask.model.layers.277.inbound_nodes.1.1.2,pipeline.CreateNNModelTask.model.layers.277.inbound_nodes.1.1.3,pipeline.CreateNNModelTask.model.layers.278.class_name,pipeline.CreateNNModelTask.model.layers.278.config.name,pipeline.CreateNNModelTask.model.layers.278.config.trainable,pipeline.CreateNNModelTask.model.layers.278.config.dtype,pipeline.CreateNNModelTask.model.layers.278.config.axis.1,pipeline.CreateNNModelTask.model.layers.278.config.momentum,pipeline.CreateNNModelTask.model.layers.278.config.epsilon,pipeline.CreateNNModelTask.model.layers.278.config.center,pipeline.CreateNNModelTask.model.layers.278.config.scale,pipeline.CreateNNModelTask.model.layers.278.config.beta_initializer.class_name,pipeline.CreateNNModelTask.model.layers.278.config.gamma_initializer.class_name,pipeline.CreateNNModelTask.model.layers.278.config.moving_mean_initializer.class_name,pipeline.CreateNNModelTask.model.layers.278.config.moving_variance_initializer.class_name,pipeline.CreateNNModelTask.model.layers.278.name,pipeline.CreateNNModelTask.model.layers.278.inbound_nodes.1.1.1,pipeline.CreateNNModelTask.model.layers.278.inbound_nodes.1.1.2,pipeline.CreateNNModelTask.model.layers.278.inbound_nodes.1.1.3,pipeline.CreateNNModelTask.model.layers.279.class_name,pipeline.CreateNNModelTask.model.layers.279.config.name,pipeline.CreateNNModelTask.model.layers.279.config.trainable,pipeline.CreateNNModelTask.model.layers.279.config.dtype,pipeline.CreateNNModelTask.model.layers.279.config.activation,pipeline.CreateNNModelTask.model.layers.279.name,pipeline.CreateNNModelTask.model.layers.279.inbound_nodes.1.1.1,pipeline.CreateNNModelTask.model.layers.279.inbound_nodes.1.1.2,pipeline.CreateNNModelTask.model.layers.279.inbound_nodes.1.1.3,pipeline.CreateNNModelTask.model.layers.280.class_name,pipeline.CreateNNModelTask.model.layers.280.config.name,pipeline.CreateNNModelTask.model.layers.280.config.trainable,pipeline.CreateNNModelTask.model.layers.280.config.dtype,pipeline.CreateNNModelTask.model.layers.280.config.filters,pipeline.CreateNNModelTask.model.layers.280.config.kernel_size.1,pipeline.CreateNNModelTask.model.layers.280.config.kernel_size.2,pipeline.CreateNNModelTask.model.layers.280.config.strides.1,pipeline.CreateNNModelTask.model.layers.280.config.strides.2,pipeline.CreateNNModelTask.model.layers.280.config.padding,pipeline.CreateNNModelTask.model.layers.280.config.data_format,pipeline.CreateNNModelTask.model.layers.280.config.dilation_rate.1,pipeline.CreateNNModelTask.model.layers.280.config.dilation_rate.2,pipeline.CreateNNModelTask.model.layers.280.config.groups,pipeline.CreateNNModelTask.model.layers.280.config.activation,pipeline.CreateNNModelTask.model.layers.280.config.use_bias,pipeline.CreateNNModelTask.model.layers.280.config.kernel_initializer.class_name,pipeline.CreateNNModelTask.model.layers.280.config.bias_initializer.class_name,pipeline.CreateNNModelTask.model.layers.280.name,pipeline.CreateNNModelTask.model.layers.280.inbound_nodes.1.1.1,pipeline.CreateNNModelTask.model.layers.280.inbound_nodes.1.1.2,pipeline.CreateNNModelTask.model.layers.280.inbound_nodes.1.1.3,pipeline.CreateNNModelTask.model.layers.281.class_name,pipeline.CreateNNModelTask.model.layers.281.config.name,pipeline.CreateNNModelTask.model.layers.281.config.trainable,pipeline.CreateNNModelTask.model.layers.281.config.dtype,pipeline.CreateNNModelTask.model.layers.281.config.axis,pipeline.CreateNNModelTask.model.layers.281.name,pipeline.CreateNNModelTask.model.layers.281.inbound_nodes.1.1.1,pipeline.CreateNNModelTask.model.layers.281.inbound_nodes.1.1.2,pipeline.CreateNNModelTask.model.layers.281.inbound_nodes.1.1.3,pipeline.CreateNNModelTask.model.layers.281.inbound_nodes.1.2.1,pipeline.CreateNNModelTask.model.layers.281.inbound_nodes.1.2.2,pipeline.CreateNNModelTask.model.layers.281.inbound_nodes.1.2.3,pipeline.CreateNNModelTask.model.layers.282.class_name,pipeline.CreateNNModelTask.model.layers.282.config.name,pipeline.CreateNNModelTask.model.layers.282.config.trainable,pipeline.CreateNNModelTask.model.layers.282.config.dtype,pipeline.CreateNNModelTask.model.layers.282.config.axis.1,pipeline.CreateNNModelTask.model.layers.282.config.momentum,pipeline.CreateNNModelTask.model.layers.282.config.epsilon,pipeline.CreateNNModelTask.model.layers.282.config.center,pipeline.CreateNNModelTask.model.layers.282.config.scale,pipeline.CreateNNModelTask.model.layers.282.config.beta_initializer.class_name,pipeline.CreateNNModelTask.model.layers.282.config.gamma_initializer.class_name,pipeline.CreateNNModelTask.model.layers.282.config.moving_mean_initializer.class_name,pipeline.CreateNNModelTask.model.layers.282.config.moving_variance_initializer.class_name,pipeline.CreateNNModelTask.model.layers.282.name,pipeline.CreateNNModelTask.model.layers.282.inbound_nodes.1.1.1,pipeline.CreateNNModelTask.model.layers.282.inbound_nodes.1.1.2,pipeline.CreateNNModelTask.model.layers.282.inbound_nodes.1.1.3,pipeline.CreateNNModelTask.model.layers.283.class_name,pipeline.CreateNNModelTask.model.layers.283.config.name,pipeline.CreateNNModelTask.model.layers.283.config.trainable,pipeline.CreateNNModelTask.model.layers.283.config.dtype,pipeline.CreateNNModelTask.model.layers.283.config.activation,pipeline.CreateNNModelTask.model.layers.283.name,pipeline.CreateNNModelTask.model.layers.283.inbound_nodes.1.1.1,pipeline.CreateNNModelTask.model.layers.283.inbound_nodes.1.1.2,pipeline.CreateNNModelTask.model.layers.283.inbound_nodes.1.1.3,pipeline.CreateNNModelTask.model.layers.284.class_name,pipeline.CreateNNModelTask.model.layers.284.config.name,pipeline.CreateNNModelTask.model.layers.284.config.trainable,pipeline.CreateNNModelTask.model.layers.284.config.dtype,pipeline.CreateNNModelTask.model.layers.284.config.filters,pipeline.CreateNNModelTask.model.layers.284.config.kernel_size.1,pipeline.CreateNNModelTask.model.layers.284.config.kernel_size.2,pipeline.CreateNNModelTask.model.layers.284.config.strides.1,pipeline.CreateNNModelTask.model.layers.284.config.strides.2,pipeline.CreateNNModelTask.model.layers.284.config.padding,pipeline.CreateNNModelTask.model.layers.284.config.data_format,pipeline.CreateNNModelTask.model.layers.284.config.dilation_rate.1,pipeline.CreateNNModelTask.model.layers.284.config.dilation_rate.2,pipeline.CreateNNModelTask.model.layers.284.config.groups,pipeline.CreateNNModelTask.model.layers.284.config.activation,pipeline.CreateNNModelTask.model.layers.284.config.use_bias,pipeline.CreateNNModelTask.model.layers.284.config.kernel_initializer.class_name,pipeline.CreateNNModelTask.model.layers.284.config.bias_initializer.class_name,pipeline.CreateNNModelTask.model.layers.284.name,pipeline.CreateNNModelTask.model.layers.284.inbound_nodes.1.1.1,pipeline.CreateNNModelTask.model.layers.284.inbound_nodes.1.1.2,pipeline.CreateNNModelTask.model.layers.284.inbound_nodes.1.1.3,pipeline.CreateNNModelTask.model.layers.285.class_name,pipeline.CreateNNModelTask.model.layers.285.config.name,pipeline.CreateNNModelTask.model.layers.285.config.trainable,pipeline.CreateNNModelTask.model.layers.285.config.dtype,pipeline.CreateNNModelTask.model.layers.285.config.axis.1,pipeline.CreateNNModelTask.model.layers.285.config.momentum,pipeline.CreateNNModelTask.model.layers.285.config.epsilon,pipeline.CreateNNModelTask.model.layers.285.config.center,pipeline.CreateNNModelTask.model.layers.285.config.scale,pipeline.CreateNNModelTask.model.layers.285.config.beta_initializer.class_name,pipeline.CreateNNModelTask.model.layers.285.config.gamma_initializer.class_name,pipeline.CreateNNModelTask.model.layers.285.config.moving_mean_initializer.class_name,pipeline.CreateNNModelTask.model.layers.285.config.moving_variance_initializer.class_name,pipeline.CreateNNModelTask.model.layers.285.name,pipeline.CreateNNModelTask.model.layers.285.inbound_nodes.1.1.1,pipeline.CreateNNModelTask.model.layers.285.inbound_nodes.1.1.2,pipeline.CreateNNModelTask.model.layers.285.inbound_nodes.1.1.3,pipeline.CreateNNModelTask.model.layers.286.class_name,pipeline.CreateNNModelTask.model.layers.286.config.name,pipeline.CreateNNModelTask.model.layers.286.config.trainable,pipeline.CreateNNModelTask.model.layers.286.config.dtype,pipeline.CreateNNModelTask.model.layers.286.config.activation,pipeline.CreateNNModelTask.model.layers.286.name,pipeline.CreateNNModelTask.model.layers.286.inbound_nodes.1.1.1,pipeline.CreateNNModelTask.model.layers.286.inbound_nodes.1.1.2,pipeline.CreateNNModelTask.model.layers.286.inbound_nodes.1.1.3,pipeline.CreateNNModelTask.model.layers.287.class_name,pipeline.CreateNNModelTask.model.layers.287.config.name,pipeline.CreateNNModelTask.model.layers.287.config.trainable,pipeline.CreateNNModelTask.model.layers.287.config.dtype,pipeline.CreateNNModelTask.model.layers.287.config.filters,pipeline.CreateNNModelTask.model.layers.287.config.kernel_size.1,pipeline.CreateNNModelTask.model.layers.287.config.kernel_size.2,pipeline.CreateNNModelTask.model.layers.287.config.strides.1,pipeline.CreateNNModelTask.model.layers.287.config.strides.2,pipeline.CreateNNModelTask.model.layers.287.config.padding,pipeline.CreateNNModelTask.model.layers.287.config.data_format,pipeline.CreateNNModelTask.model.layers.287.config.dilation_rate.1,pipeline.CreateNNModelTask.model.layers.287.config.dilation_rate.2,pipeline.CreateNNModelTask.model.layers.287.config.groups,pipeline.CreateNNModelTask.model.layers.287.config.activation,pipeline.CreateNNModelTask.model.layers.287.config.use_bias,pipeline.CreateNNModelTask.model.layers.287.config.kernel_initializer.class_name,pipeline.CreateNNModelTask.model.layers.287.config.bias_initializer.class_name,pipeline.CreateNNModelTask.model.layers.287.name,pipeline.CreateNNModelTask.model.layers.287.inbound_nodes.1.1.1,pipeline.CreateNNModelTask.model.layers.287.inbound_nodes.1.1.2,pipeline.CreateNNModelTask.model.layers.287.inbound_nodes.1.1.3,pipeline.CreateNNModelTask.model.layers.288.class_name,pipeline.CreateNNModelTask.model.layers.288.config.name,pipeline.CreateNNModelTask.model.layers.288.config.trainable,pipeline.CreateNNModelTask.model.layers.288.config.dtype,pipeline.CreateNNModelTask.model.layers.288.config.axis,pipeline.CreateNNModelTask.model.layers.288.name,pipeline.CreateNNModelTask.model.layers.288.inbound_nodes.1.1.1,pipeline.CreateNNModelTask.model.layers.288.inbound_nodes.1.1.2,pipeline.CreateNNModelTask.model.layers.288.inbound_nodes.1.1.3,pipeline.CreateNNModelTask.model.layers.288.inbound_nodes.1.2.1,pipeline.CreateNNModelTask.model.layers.288.inbound_nodes.1.2.2,pipeline.CreateNNModelTask.model.layers.288.inbound_nodes.1.2.3,pipeline.CreateNNModelTask.model.layers.289.class_name,pipeline.CreateNNModelTask.model.layers.289.config.name,pipeline.CreateNNModelTask.model.layers.289.config.trainable,pipeline.CreateNNModelTask.model.layers.289.config.dtype,pipeline.CreateNNModelTask.model.layers.289.config.axis.1,pipeline.CreateNNModelTask.model.layers.289.config.momentum,pipeline.CreateNNModelTask.model.layers.289.config.epsilon,pipeline.CreateNNModelTask.model.layers.289.config.center,pipeline.CreateNNModelTask.model.layers.289.config.scale,pipeline.CreateNNModelTask.model.layers.289.config.beta_initializer.class_name,pipeline.CreateNNModelTask.model.layers.289.config.gamma_initializer.class_name,pipeline.CreateNNModelTask.model.layers.289.config.moving_mean_initializer.class_name,pipeline.CreateNNModelTask.model.layers.289.config.moving_variance_initializer.class_name,pipeline.CreateNNModelTask.model.layers.289.name,pipeline.CreateNNModelTask.model.layers.289.inbound_nodes.1.1.1,pipeline.CreateNNModelTask.model.layers.289.inbound_nodes.1.1.2,pipeline.CreateNNModelTask.model.layers.289.inbound_nodes.1.1.3,pipeline.CreateNNModelTask.model.layers.290.class_name,pipeline.CreateNNModelTask.model.layers.290.config.name,pipeline.CreateNNModelTask.model.layers.290.config.trainable,pipeline.CreateNNModelTask.model.layers.290.config.dtype,pipeline.CreateNNModelTask.model.layers.290.config.activation,pipeline.CreateNNModelTask.model.layers.290.name,pipeline.CreateNNModelTask.model.layers.290.inbound_nodes.1.1.1,pipeline.CreateNNModelTask.model.layers.290.inbound_nodes.1.1.2,pipeline.CreateNNModelTask.model.layers.290.inbound_nodes.1.1.3,pipeline.CreateNNModelTask.model.layers.291.class_name,pipeline.CreateNNModelTask.model.layers.291.config.name,pipeline.CreateNNModelTask.model.layers.291.config.trainable,pipeline.CreateNNModelTask.model.layers.291.config.dtype,pipeline.CreateNNModelTask.model.layers.291.config.filters,pipeline.CreateNNModelTask.model.layers.291.config.kernel_size.1,pipeline.CreateNNModelTask.model.layers.291.config.kernel_size.2,pipeline.CreateNNModelTask.model.layers.291.config.strides.1,pipeline.CreateNNModelTask.model.layers.291.config.strides.2,pipeline.CreateNNModelTask.model.layers.291.config.padding,pipeline.CreateNNModelTask.model.layers.291.config.data_format,pipeline.CreateNNModelTask.model.layers.291.config.dilation_rate.1,pipeline.CreateNNModelTask.model.layers.291.config.dilation_rate.2,pipeline.CreateNNModelTask.model.layers.291.config.groups,pipeline.CreateNNModelTask.model.layers.291.config.activation,pipeline.CreateNNModelTask.model.layers.291.config.use_bias,pipeline.CreateNNModelTask.model.layers.291.config.kernel_initializer.class_name,pipeline.CreateNNModelTask.model.layers.291.config.bias_initializer.class_name,pipeline.CreateNNModelTask.model.layers.291.name,pipeline.CreateNNModelTask.model.layers.291.inbound_nodes.1.1.1,pipeline.CreateNNModelTask.model.layers.291.inbound_nodes.1.1.2,pipeline.CreateNNModelTask.model.layers.291.inbound_nodes.1.1.3,pipeline.CreateNNModelTask.model.layers.292.class_name,pipeline.CreateNNModelTask.model.layers.292.config.name,pipeline.CreateNNModelTask.model.layers.292.config.trainable,pipeline.CreateNNModelTask.model.layers.292.config.dtype,pipeline.CreateNNModelTask.model.layers.292.config.axis.1,pipeline.CreateNNModelTask.model.layers.292.config.momentum,pipeline.CreateNNModelTask.model.layers.292.config.epsilon,pipeline.CreateNNModelTask.model.layers.292.config.center,pipeline.CreateNNModelTask.model.layers.292.config.scale,pipeline.CreateNNModelTask.model.layers.292.config.beta_initializer.class_name,pipeline.CreateNNModelTask.model.layers.292.config.gamma_initializer.class_name,pipeline.CreateNNModelTask.model.layers.292.config.moving_mean_initializer.class_name,pipeline.CreateNNModelTask.model.layers.292.config.moving_variance_initializer.class_name,pipeline.CreateNNModelTask.model.layers.292.name,pipeline.CreateNNModelTask.model.layers.292.inbound_nodes.1.1.1,pipeline.CreateNNModelTask.model.layers.292.inbound_nodes.1.1.2,pipeline.CreateNNModelTask.model.layers.292.inbound_nodes.1.1.3,pipeline.CreateNNModelTask.model.layers.293.class_name,pipeline.CreateNNModelTask.model.layers.293.config.name,pipeline.CreateNNModelTask.model.layers.293.config.trainable,pipeline.CreateNNModelTask.model.layers.293.config.dtype,pipeline.CreateNNModelTask.model.layers.293.config.activation,pipeline.CreateNNModelTask.model.layers.293.name,pipeline.CreateNNModelTask.model.layers.293.inbound_nodes.1.1.1,pipeline.CreateNNModelTask.model.layers.293.inbound_nodes.1.1.2,pipeline.CreateNNModelTask.model.layers.293.inbound_nodes.1.1.3,pipeline.CreateNNModelTask.model.layers.294.class_name,pipeline.CreateNNModelTask.model.layers.294.config.name,pipeline.CreateNNModelTask.model.layers.294.config.trainable,pipeline.CreateNNModelTask.model.layers.294.config.dtype,pipeline.CreateNNModelTask.model.layers.294.config.filters,pipeline.CreateNNModelTask.model.layers.294.config.kernel_size.1,pipeline.CreateNNModelTask.model.layers.294.config.kernel_size.2,pipeline.CreateNNModelTask.model.layers.294.config.strides.1,pipeline.CreateNNModelTask.model.layers.294.config.strides.2,pipeline.CreateNNModelTask.model.layers.294.config.padding,pipeline.CreateNNModelTask.model.layers.294.config.data_format,pipeline.CreateNNModelTask.model.layers.294.config.dilation_rate.1,pipeline.CreateNNModelTask.model.layers.294.config.dilation_rate.2,pipeline.CreateNNModelTask.model.layers.294.config.groups,pipeline.CreateNNModelTask.model.layers.294.config.activation,pipeline.CreateNNModelTask.model.layers.294.config.use_bias,pipeline.CreateNNModelTask.model.layers.294.config.kernel_initializer.class_name,pipeline.CreateNNModelTask.model.layers.294.config.bias_initializer.class_name,pipeline.CreateNNModelTask.model.layers.294.name,pipeline.CreateNNModelTask.model.layers.294.inbound_nodes.1.1.1,pipeline.CreateNNModelTask.model.layers.294.inbound_nodes.1.1.2,pipeline.CreateNNModelTask.model.layers.294.inbound_nodes.1.1.3,pipeline.CreateNNModelTask.model.layers.295.class_name,pipeline.CreateNNModelTask.model.layers.295.config.name,pipeline.CreateNNModelTask.model.layers.295.config.trainable,pipeline.CreateNNModelTask.model.layers.295.config.dtype,pipeline.CreateNNModelTask.model.layers.295.config.axis,pipeline.CreateNNModelTask.model.layers.295.name,pipeline.CreateNNModelTask.model.layers.295.inbound_nodes.1.1.1,pipeline.CreateNNModelTask.model.layers.295.inbound_nodes.1.1.2,pipeline.CreateNNModelTask.model.layers.295.inbound_nodes.1.1.3,pipeline.CreateNNModelTask.model.layers.295.inbound_nodes.1.2.1,pipeline.CreateNNModelTask.model.layers.295.inbound_nodes.1.2.2,pipeline.CreateNNModelTask.model.layers.295.inbound_nodes.1.2.3,pipeline.CreateNNModelTask.model.layers.296.class_name,pipeline.CreateNNModelTask.model.layers.296.config.name,pipeline.CreateNNModelTask.model.layers.296.config.trainable,pipeline.CreateNNModelTask.model.layers.296.config.dtype,pipeline.CreateNNModelTask.model.layers.296.config.axis.1,pipeline.CreateNNModelTask.model.layers.296.config.momentum,pipeline.CreateNNModelTask.model.layers.296.config.epsilon,pipeline.CreateNNModelTask.model.layers.296.config.center,pipeline.CreateNNModelTask.model.layers.296.config.scale,pipeline.CreateNNModelTask.model.layers.296.config.beta_initializer.class_name,pipeline.CreateNNModelTask.model.layers.296.config.gamma_initializer.class_name,pipeline.CreateNNModelTask.model.layers.296.config.moving_mean_initializer.class_name,pipeline.CreateNNModelTask.model.layers.296.config.moving_variance_initializer.class_name,pipeline.CreateNNModelTask.model.layers.296.name,pipeline.CreateNNModelTask.model.layers.296.inbound_nodes.1.1.1,pipeline.CreateNNModelTask.model.layers.296.inbound_nodes.1.1.2,pipeline.CreateNNModelTask.model.layers.296.inbound_nodes.1.1.3,pipeline.CreateNNModelTask.model.layers.297.class_name,pipeline.CreateNNModelTask.model.layers.297.config.name,pipeline.CreateNNModelTask.model.layers.297.config.trainable,pipeline.CreateNNModelTask.model.layers.297.config.dtype,pipeline.CreateNNModelTask.model.layers.297.config.activation,pipeline.CreateNNModelTask.model.layers.297.name,pipeline.CreateNNModelTask.model.layers.297.inbound_nodes.1.1.1,pipeline.CreateNNModelTask.model.layers.297.inbound_nodes.1.1.2,pipeline.CreateNNModelTask.model.layers.297.inbound_nodes.1.1.3,pipeline.CreateNNModelTask.model.layers.298.class_name,pipeline.CreateNNModelTask.model.layers.298.config.name,pipeline.CreateNNModelTask.model.layers.298.config.trainable,pipeline.CreateNNModelTask.model.layers.298.config.dtype,pipeline.CreateNNModelTask.model.layers.298.config.filters,pipeline.CreateNNModelTask.model.layers.298.config.kernel_size.1,pipeline.CreateNNModelTask.model.layers.298.config.kernel_size.2,pipeline.CreateNNModelTask.model.layers.298.config.strides.1,pipeline.CreateNNModelTask.model.layers.298.config.strides.2,pipeline.CreateNNModelTask.model.layers.298.config.padding,pipeline.CreateNNModelTask.model.layers.298.config.data_format,pipeline.CreateNNModelTask.model.layers.298.config.dilation_rate.1,pipeline.CreateNNModelTask.model.layers.298.config.dilation_rate.2,pipeline.CreateNNModelTask.model.layers.298.config.groups,pipeline.CreateNNModelTask.model.layers.298.config.activation,pipeline.CreateNNModelTask.model.layers.298.config.use_bias,pipeline.CreateNNModelTask.model.layers.298.config.kernel_initializer.class_name,pipeline.CreateNNModelTask.model.layers.298.config.bias_initializer.class_name,pipeline.CreateNNModelTask.model.layers.298.name,pipeline.CreateNNModelTask.model.layers.298.inbound_nodes.1.1.1,pipeline.CreateNNModelTask.model.layers.298.inbound_nodes.1.1.2,pipeline.CreateNNModelTask.model.layers.298.inbound_nodes.1.1.3,pipeline.CreateNNModelTask.model.layers.299.class_name,pipeline.CreateNNModelTask.model.layers.299.config.name,pipeline.CreateNNModelTask.model.layers.299.config.trainable,pipeline.CreateNNModelTask.model.layers.299.config.dtype,pipeline.CreateNNModelTask.model.layers.299.config.axis.1,pipeline.CreateNNModelTask.model.layers.299.config.momentum,pipeline.CreateNNModelTask.model.layers.299.config.epsilon,pipeline.CreateNNModelTask.model.layers.299.config.center,pipeline.CreateNNModelTask.model.layers.299.config.scale,pipeline.CreateNNModelTask.model.layers.299.config.beta_initializer.class_name,pipeline.CreateNNModelTask.model.layers.299.config.gamma_initializer.class_name,pipeline.CreateNNModelTask.model.layers.299.config.moving_mean_initializer.class_name,pipeline.CreateNNModelTask.model.layers.299.config.moving_variance_initializer.class_name,pipeline.CreateNNModelTask.model.layers.299.name,pipeline.CreateNNModelTask.model.layers.299.inbound_nodes.1.1.1,pipeline.CreateNNModelTask.model.layers.299.inbound_nodes.1.1.2,pipeline.CreateNNModelTask.model.layers.299.inbound_nodes.1.1.3,pipeline.CreateNNModelTask.model.layers.300.class_name,pipeline.CreateNNModelTask.model.layers.300.config.name,pipeline.CreateNNModelTask.model.layers.300.config.trainable,pipeline.CreateNNModelTask.model.layers.300.config.dtype,pipeline.CreateNNModelTask.model.layers.300.config.activation,pipeline.CreateNNModelTask.model.layers.300.name,pipeline.CreateNNModelTask.model.layers.300.inbound_nodes.1.1.1,pipeline.CreateNNModelTask.model.layers.300.inbound_nodes.1.1.2,pipeline.CreateNNModelTask.model.layers.300.inbound_nodes.1.1.3,pipeline.CreateNNModelTask.model.layers.301.class_name,pipeline.CreateNNModelTask.model.layers.301.config.name,pipeline.CreateNNModelTask.model.layers.301.config.trainable,pipeline.CreateNNModelTask.model.layers.301.config.dtype,pipeline.CreateNNModelTask.model.layers.301.config.filters,pipeline.CreateNNModelTask.model.layers.301.config.kernel_size.1,pipeline.CreateNNModelTask.model.layers.301.config.kernel_size.2,pipeline.CreateNNModelTask.model.layers.301.config.strides.1,pipeline.CreateNNModelTask.model.layers.301.config.strides.2,pipeline.CreateNNModelTask.model.layers.301.config.padding,pipeline.CreateNNModelTask.model.layers.301.config.data_format,pipeline.CreateNNModelTask.model.layers.301.config.dilation_rate.1,pipeline.CreateNNModelTask.model.layers.301.config.dilation_rate.2,pipeline.CreateNNModelTask.model.layers.301.config.groups,pipeline.CreateNNModelTask.model.layers.301.config.activation,pipeline.CreateNNModelTask.model.layers.301.config.use_bias,pipeline.CreateNNModelTask.model.layers.301.config.kernel_initializer.class_name,pipeline.CreateNNModelTask.model.layers.301.config.bias_initializer.class_name,pipeline.CreateNNModelTask.model.layers.301.name,pipeline.CreateNNModelTask.model.layers.301.inbound_nodes.1.1.1,pipeline.CreateNNModelTask.model.layers.301.inbound_nodes.1.1.2,pipeline.CreateNNModelTask.model.layers.301.inbound_nodes.1.1.3,pipeline.CreateNNModelTask.model.layers.302.class_name,pipeline.CreateNNModelTask.model.layers.302.config.name,pipeline.CreateNNModelTask.model.layers.302.config.trainable,pipeline.CreateNNModelTask.model.layers.302.config.dtype,pipeline.CreateNNModelTask.model.layers.302.config.axis,pipeline.CreateNNModelTask.model.layers.302.name,pipeline.CreateNNModelTask.model.layers.302.inbound_nodes.1.1.1,pipeline.CreateNNModelTask.model.layers.302.inbound_nodes.1.1.2,pipeline.CreateNNModelTask.model.layers.302.inbound_nodes.1.1.3,pipeline.CreateNNModelTask.model.layers.302.inbound_nodes.1.2.1,pipeline.CreateNNModelTask.model.layers.302.inbound_nodes.1.2.2,pipeline.CreateNNModelTask.model.layers.302.inbound_nodes.1.2.3,pipeline.CreateNNModelTask.model.layers.303.class_name,pipeline.CreateNNModelTask.model.layers.303.config.name,pipeline.CreateNNModelTask.model.layers.303.config.trainable,pipeline.CreateNNModelTask.model.layers.303.config.dtype,pipeline.CreateNNModelTask.model.layers.303.config.axis.1,pipeline.CreateNNModelTask.model.layers.303.config.momentum,pipeline.CreateNNModelTask.model.layers.303.config.epsilon,pipeline.CreateNNModelTask.model.layers.303.config.center,pipeline.CreateNNModelTask.model.layers.303.config.scale,pipeline.CreateNNModelTask.model.layers.303.config.beta_initializer.class_name,pipeline.CreateNNModelTask.model.layers.303.config.gamma_initializer.class_name,pipeline.CreateNNModelTask.model.layers.303.config.moving_mean_initializer.class_name,pipeline.CreateNNModelTask.model.layers.303.config.moving_variance_initializer.class_name,pipeline.CreateNNModelTask.model.layers.303.name,pipeline.CreateNNModelTask.model.layers.303.inbound_nodes.1.1.1,pipeline.CreateNNModelTask.model.layers.303.inbound_nodes.1.1.2,pipeline.CreateNNModelTask.model.layers.303.inbound_nodes.1.1.3,pipeline.CreateNNModelTask.model.layers.304.class_name,pipeline.CreateNNModelTask.model.layers.304.config.name,pipeline.CreateNNModelTask.model.layers.304.config.trainable,pipeline.CreateNNModelTask.model.layers.304.config.dtype,pipeline.CreateNNModelTask.model.layers.304.config.activation,pipeline.CreateNNModelTask.model.layers.304.name,pipeline.CreateNNModelTask.model.layers.304.inbound_nodes.1.1.1,pipeline.CreateNNModelTask.model.layers.304.inbound_nodes.1.1.2,pipeline.CreateNNModelTask.model.layers.304.inbound_nodes.1.1.3,pipeline.CreateNNModelTask.model.layers.305.class_name,pipeline.CreateNNModelTask.model.layers.305.config.name,pipeline.CreateNNModelTask.model.layers.305.config.trainable,pipeline.CreateNNModelTask.model.layers.305.config.dtype,pipeline.CreateNNModelTask.model.layers.305.config.filters,pipeline.CreateNNModelTask.model.layers.305.config.kernel_size.1,pipeline.CreateNNModelTask.model.layers.305.config.kernel_size.2,pipeline.CreateNNModelTask.model.layers.305.config.strides.1,pipeline.CreateNNModelTask.model.layers.305.config.strides.2,pipeline.CreateNNModelTask.model.layers.305.config.padding,pipeline.CreateNNModelTask.model.layers.305.config.data_format,pipeline.CreateNNModelTask.model.layers.305.config.dilation_rate.1,pipeline.CreateNNModelTask.model.layers.305.config.dilation_rate.2,pipeline.CreateNNModelTask.model.layers.305.config.groups,pipeline.CreateNNModelTask.model.layers.305.config.activation,pipeline.CreateNNModelTask.model.layers.305.config.use_bias,pipeline.CreateNNModelTask.model.layers.305.config.kernel_initializer.class_name,pipeline.CreateNNModelTask.model.layers.305.config.bias_initializer.class_name,pipeline.CreateNNModelTask.model.layers.305.name,pipeline.CreateNNModelTask.model.layers.305.inbound_nodes.1.1.1,pipeline.CreateNNModelTask.model.layers.305.inbound_nodes.1.1.2,pipeline.CreateNNModelTask.model.layers.305.inbound_nodes.1.1.3,pipeline.CreateNNModelTask.model.layers.306.class_name,pipeline.CreateNNModelTask.model.layers.306.config.name,pipeline.CreateNNModelTask.model.layers.306.config.trainable,pipeline.CreateNNModelTask.model.layers.306.config.dtype,pipeline.CreateNNModelTask.model.layers.306.config.axis.1,pipeline.CreateNNModelTask.model.layers.306.config.momentum,pipeline.CreateNNModelTask.model.layers.306.config.epsilon,pipeline.CreateNNModelTask.model.layers.306.config.center,pipeline.CreateNNModelTask.model.layers.306.config.scale,pipeline.CreateNNModelTask.model.layers.306.config.beta_initializer.class_name,pipeline.CreateNNModelTask.model.layers.306.config.gamma_initializer.class_name,pipeline.CreateNNModelTask.model.layers.306.config.moving_mean_initializer.class_name,pipeline.CreateNNModelTask.model.layers.306.config.moving_variance_initializer.class_name,pipeline.CreateNNModelTask.model.layers.306.name,pipeline.CreateNNModelTask.model.layers.306.inbound_nodes.1.1.1,pipeline.CreateNNModelTask.model.layers.306.inbound_nodes.1.1.2,pipeline.CreateNNModelTask.model.layers.306.inbound_nodes.1.1.3,pipeline.CreateNNModelTask.model.layers.307.class_name,pipeline.CreateNNModelTask.model.layers.307.config.name,pipeline.CreateNNModelTask.model.layers.307.config.trainable,pipeline.CreateNNModelTask.model.layers.307.config.dtype,pipeline.CreateNNModelTask.model.layers.307.config.activation,pipeline.CreateNNModelTask.model.layers.307.name,pipeline.CreateNNModelTask.model.layers.307.inbound_nodes.1.1.1,pipeline.CreateNNModelTask.model.layers.307.inbound_nodes.1.1.2,pipeline.CreateNNModelTask.model.layers.307.inbound_nodes.1.1.3,pipeline.CreateNNModelTask.model.layers.308.class_name,pipeline.CreateNNModelTask.model.layers.308.config.name,pipeline.CreateNNModelTask.model.layers.308.config.trainable,pipeline.CreateNNModelTask.model.layers.308.config.dtype,pipeline.CreateNNModelTask.model.layers.308.config.filters,pipeline.CreateNNModelTask.model.layers.308.config.kernel_size.1,pipeline.CreateNNModelTask.model.layers.308.config.kernel_size.2,pipeline.CreateNNModelTask.model.layers.308.config.strides.1,pipeline.CreateNNModelTask.model.layers.308.config.strides.2,pipeline.CreateNNModelTask.model.layers.308.config.padding,pipeline.CreateNNModelTask.model.layers.308.config.data_format,pipeline.CreateNNModelTask.model.layers.308.config.dilation_rate.1,pipeline.CreateNNModelTask.model.layers.308.config.dilation_rate.2,pipeline.CreateNNModelTask.model.layers.308.config.groups,pipeline.CreateNNModelTask.model.layers.308.config.activation,pipeline.CreateNNModelTask.model.layers.308.config.use_bias,pipeline.CreateNNModelTask.model.layers.308.config.kernel_initializer.class_name,pipeline.CreateNNModelTask.model.layers.308.config.bias_initializer.class_name,pipeline.CreateNNModelTask.model.layers.308.name,pipeline.CreateNNModelTask.model.layers.308.inbound_nodes.1.1.1,pipeline.CreateNNModelTask.model.layers.308.inbound_nodes.1.1.2,pipeline.CreateNNModelTask.model.layers.308.inbound_nodes.1.1.3,pipeline.CreateNNModelTask.model.layers.309.class_name,pipeline.CreateNNModelTask.model.layers.309.config.name,pipeline.CreateNNModelTask.model.layers.309.config.trainable,pipeline.CreateNNModelTask.model.layers.309.config.dtype,pipeline.CreateNNModelTask.model.layers.309.config.axis,pipeline.CreateNNModelTask.model.layers.309.name,pipeline.CreateNNModelTask.model.layers.309.inbound_nodes.1.1.1,pipeline.CreateNNModelTask.model.layers.309.inbound_nodes.1.1.2,pipeline.CreateNNModelTask.model.layers.309.inbound_nodes.1.1.3,pipeline.CreateNNModelTask.model.layers.309.inbound_nodes.1.2.1,pipeline.CreateNNModelTask.model.layers.309.inbound_nodes.1.2.2,pipeline.CreateNNModelTask.model.layers.309.inbound_nodes.1.2.3,pipeline.CreateNNModelTask.model.layers.310.class_name,pipeline.CreateNNModelTask.model.layers.310.config.name,pipeline.CreateNNModelTask.model.layers.310.config.trainable,pipeline.CreateNNModelTask.model.layers.310.config.dtype,pipeline.CreateNNModelTask.model.layers.310.config.axis.1,pipeline.CreateNNModelTask.model.layers.310.config.momentum,pipeline.CreateNNModelTask.model.layers.310.config.epsilon,pipeline.CreateNNModelTask.model.layers.310.config.center,pipeline.CreateNNModelTask.model.layers.310.config.scale,pipeline.CreateNNModelTask.model.layers.310.config.beta_initializer.class_name,pipeline.CreateNNModelTask.model.layers.310.config.gamma_initializer.class_name,pipeline.CreateNNModelTask.model.layers.310.config.moving_mean_initializer.class_name,pipeline.CreateNNModelTask.model.layers.310.config.moving_variance_initializer.class_name,pipeline.CreateNNModelTask.model.layers.310.name,pipeline.CreateNNModelTask.model.layers.310.inbound_nodes.1.1.1,pipeline.CreateNNModelTask.model.layers.310.inbound_nodes.1.1.2,pipeline.CreateNNModelTask.model.layers.310.inbound_nodes.1.1.3,pipeline.CreateNNModelTask.model.layers.311.class_name,pipeline.CreateNNModelTask.model.layers.311.config.name,pipeline.CreateNNModelTask.model.layers.311.config.trainable,pipeline.CreateNNModelTask.model.layers.311.config.dtype,pipeline.CreateNNModelTask.model.layers.311.config.activation,pipeline.CreateNNModelTask.model.layers.311.name,pipeline.CreateNNModelTask.model.layers.311.inbound_nodes.1.1.1,pipeline.CreateNNModelTask.model.layers.311.inbound_nodes.1.1.2,pipeline.CreateNNModelTask.model.layers.311.inbound_nodes.1.1.3,pipeline.CreateNNModelTask.model.layers.312.class_name,pipeline.CreateNNModelTask.model.layers.312.config.name,pipeline.CreateNNModelTask.model.layers.312.config.trainable,pipeline.CreateNNModelTask.model.layers.312.config.dtype,pipeline.CreateNNModelTask.model.layers.312.config.filters,pipeline.CreateNNModelTask.model.layers.312.config.kernel_size.1,pipeline.CreateNNModelTask.model.layers.312.config.kernel_size.2,pipeline.CreateNNModelTask.model.layers.312.config.strides.1,pipeline.CreateNNModelTask.model.layers.312.config.strides.2,pipeline.CreateNNModelTask.model.layers.312.config.padding,pipeline.CreateNNModelTask.model.layers.312.config.data_format,pipeline.CreateNNModelTask.model.layers.312.config.dilation_rate.1,pipeline.CreateNNModelTask.model.layers.312.config.dilation_rate.2,pipeline.CreateNNModelTask.model.layers.312.config.groups,pipeline.CreateNNModelTask.model.layers.312.config.activation,pipeline.CreateNNModelTask.model.layers.312.config.use_bias,pipeline.CreateNNModelTask.model.layers.312.config.kernel_initializer.class_name,pipeline.CreateNNModelTask.model.layers.312.config.bias_initializer.class_name,pipeline.CreateNNModelTask.model.layers.312.name,pipeline.CreateNNModelTask.model.layers.312.inbound_nodes.1.1.1,pipeline.CreateNNModelTask.model.layers.312.inbound_nodes.1.1.2,pipeline.CreateNNModelTask.model.layers.312.inbound_nodes.1.1.3,pipeline.CreateNNModelTask.model.layers.313.class_name,pipeline.CreateNNModelTask.model.layers.313.config.name,pipeline.CreateNNModelTask.model.layers.313.config.trainable,pipeline.CreateNNModelTask.model.layers.313.config.dtype,pipeline.CreateNNModelTask.model.layers.313.config.pool_size.1,pipeline.CreateNNModelTask.model.layers.313.config.pool_size.2,pipeline.CreateNNModelTask.model.layers.313.config.padding,pipeline.CreateNNModelTask.model.layers.313.config.strides.1,pipeline.CreateNNModelTask.model.layers.313.config.strides.2,pipeline.CreateNNModelTask.model.layers.313.config.data_format,pipeline.CreateNNModelTask.model.layers.313.name,pipeline.CreateNNModelTask.model.layers.313.inbound_nodes.1.1.1,pipeline.CreateNNModelTask.model.layers.313.inbound_nodes.1.1.2,pipeline.CreateNNModelTask.model.layers.313.inbound_nodes.1.1.3,pipeline.CreateNNModelTask.model.layers.314.class_name,pipeline.CreateNNModelTask.model.layers.314.config.name,pipeline.CreateNNModelTask.model.layers.314.config.trainable,pipeline.CreateNNModelTask.model.layers.314.config.dtype,pipeline.CreateNNModelTask.model.layers.314.config.axis.1,pipeline.CreateNNModelTask.model.layers.314.config.momentum,pipeline.CreateNNModelTask.model.layers.314.config.epsilon,pipeline.CreateNNModelTask.model.layers.314.config.center,pipeline.CreateNNModelTask.model.layers.314.config.scale,pipeline.CreateNNModelTask.model.layers.314.config.beta_initializer.class_name,pipeline.CreateNNModelTask.model.layers.314.config.gamma_initializer.class_name,pipeline.CreateNNModelTask.model.layers.314.config.moving_mean_initializer.class_name,pipeline.CreateNNModelTask.model.layers.314.config.moving_variance_initializer.class_name,pipeline.CreateNNModelTask.model.layers.314.name,pipeline.CreateNNModelTask.model.layers.314.inbound_nodes.1.1.1,pipeline.CreateNNModelTask.model.layers.314.inbound_nodes.1.1.2,pipeline.CreateNNModelTask.model.layers.314.inbound_nodes.1.1.3,pipeline.CreateNNModelTask.model.layers.315.class_name,pipeline.CreateNNModelTask.model.layers.315.config.name,pipeline.CreateNNModelTask.model.layers.315.config.trainable,pipeline.CreateNNModelTask.model.layers.315.config.dtype,pipeline.CreateNNModelTask.model.layers.315.config.activation,pipeline.CreateNNModelTask.model.layers.315.name,pipeline.CreateNNModelTask.model.layers.315.inbound_nodes.1.1.1,pipeline.CreateNNModelTask.model.layers.315.inbound_nodes.1.1.2,pipeline.CreateNNModelTask.model.layers.315.inbound_nodes.1.1.3,pipeline.CreateNNModelTask.model.layers.316.class_name,pipeline.CreateNNModelTask.model.layers.316.config.name,pipeline.CreateNNModelTask.model.layers.316.config.trainable,pipeline.CreateNNModelTask.model.layers.316.config.dtype,pipeline.CreateNNModelTask.model.layers.316.config.filters,pipeline.CreateNNModelTask.model.layers.316.config.kernel_size.1,pipeline.CreateNNModelTask.model.layers.316.config.kernel_size.2,pipeline.CreateNNModelTask.model.layers.316.config.strides.1,pipeline.CreateNNModelTask.model.layers.316.config.strides.2,pipeline.CreateNNModelTask.model.layers.316.config.padding,pipeline.CreateNNModelTask.model.layers.316.config.data_format,pipeline.CreateNNModelTask.model.layers.316.config.dilation_rate.1,pipeline.CreateNNModelTask.model.layers.316.config.dilation_rate.2,pipeline.CreateNNModelTask.model.layers.316.config.groups,pipeline.CreateNNModelTask.model.layers.316.config.activation,pipeline.CreateNNModelTask.model.layers.316.config.use_bias,pipeline.CreateNNModelTask.model.layers.316.config.kernel_initializer.class_name,pipeline.CreateNNModelTask.model.layers.316.config.bias_initializer.class_name,pipeline.CreateNNModelTask.model.layers.316.name,pipeline.CreateNNModelTask.model.layers.316.inbound_nodes.1.1.1,pipeline.CreateNNModelTask.model.layers.316.inbound_nodes.1.1.2,pipeline.CreateNNModelTask.model.layers.316.inbound_nodes.1.1.3,pipeline.CreateNNModelTask.model.layers.317.class_name,pipeline.CreateNNModelTask.model.layers.317.config.name,pipeline.CreateNNModelTask.model.layers.317.config.trainable,pipeline.CreateNNModelTask.model.layers.317.config.dtype,pipeline.CreateNNModelTask.model.layers.317.config.axis.1,pipeline.CreateNNModelTask.model.layers.317.config.momentum,pipeline.CreateNNModelTask.model.layers.317.config.epsilon,pipeline.CreateNNModelTask.model.layers.317.config.center,pipeline.CreateNNModelTask.model.layers.317.config.scale,pipeline.CreateNNModelTask.model.layers.317.config.beta_initializer.class_name,pipeline.CreateNNModelTask.model.layers.317.config.gamma_initializer.class_name,pipeline.CreateNNModelTask.model.layers.317.config.moving_mean_initializer.class_name,pipeline.CreateNNModelTask.model.layers.317.config.moving_variance_initializer.class_name,pipeline.CreateNNModelTask.model.layers.317.name,pipeline.CreateNNModelTask.model.layers.317.inbound_nodes.1.1.1,pipeline.CreateNNModelTask.model.layers.317.inbound_nodes.1.1.2,pipeline.CreateNNModelTask.model.layers.317.inbound_nodes.1.1.3,pipeline.CreateNNModelTask.model.layers.318.class_name,pipeline.CreateNNModelTask.model.layers.318.config.name,pipeline.CreateNNModelTask.model.layers.318.config.trainable,pipeline.CreateNNModelTask.model.layers.318.config.dtype,pipeline.CreateNNModelTask.model.layers.318.config.activation,pipeline.CreateNNModelTask.model.layers.318.name,pipeline.CreateNNModelTask.model.layers.318.inbound_nodes.1.1.1,pipeline.CreateNNModelTask.model.layers.318.inbound_nodes.1.1.2,pipeline.CreateNNModelTask.model.layers.318.inbound_nodes.1.1.3,pipeline.CreateNNModelTask.model.layers.319.class_name,pipeline.CreateNNModelTask.model.layers.319.config.name,pipeline.CreateNNModelTask.model.layers.319.config.trainable,pipeline.CreateNNModelTask.model.layers.319.config.dtype,pipeline.CreateNNModelTask.model.layers.319.config.filters,pipeline.CreateNNModelTask.model.layers.319.config.kernel_size.1,pipeline.CreateNNModelTask.model.layers.319.config.kernel_size.2,pipeline.CreateNNModelTask.model.layers.319.config.strides.1,pipeline.CreateNNModelTask.model.layers.319.config.strides.2,pipeline.CreateNNModelTask.model.layers.319.config.padding,pipeline.CreateNNModelTask.model.layers.319.config.data_format,pipeline.CreateNNModelTask.model.layers.319.config.dilation_rate.1,pipeline.CreateNNModelTask.model.layers.319.config.dilation_rate.2,pipeline.CreateNNModelTask.model.layers.319.config.groups,pipeline.CreateNNModelTask.model.layers.319.config.activation,pipeline.CreateNNModelTask.model.layers.319.config.use_bias,pipeline.CreateNNModelTask.model.layers.319.config.kernel_initializer.class_name,pipeline.CreateNNModelTask.model.layers.319.config.bias_initializer.class_name,pipeline.CreateNNModelTask.model.layers.319.name,pipeline.CreateNNModelTask.model.layers.319.inbound_nodes.1.1.1,pipeline.CreateNNModelTask.model.layers.319.inbound_nodes.1.1.2,pipeline.CreateNNModelTask.model.layers.319.inbound_nodes.1.1.3,pipeline.CreateNNModelTask.model.layers.320.class_name,pipeline.CreateNNModelTask.model.layers.320.config.name,pipeline.CreateNNModelTask.model.layers.320.config.trainable,pipeline.CreateNNModelTask.model.layers.320.config.dtype,pipeline.CreateNNModelTask.model.layers.320.config.axis,pipeline.CreateNNModelTask.model.layers.320.name,pipeline.CreateNNModelTask.model.layers.320.inbound_nodes.1.1.1,pipeline.CreateNNModelTask.model.layers.320.inbound_nodes.1.1.2,pipeline.CreateNNModelTask.model.layers.320.inbound_nodes.1.1.3,pipeline.CreateNNModelTask.model.layers.320.inbound_nodes.1.2.1,pipeline.CreateNNModelTask.model.layers.320.inbound_nodes.1.2.2,pipeline.CreateNNModelTask.model.layers.320.inbound_nodes.1.2.3,pipeline.CreateNNModelTask.model.layers.321.class_name,pipeline.CreateNNModelTask.model.layers.321.config.name,pipeline.CreateNNModelTask.model.layers.321.config.trainable,pipeline.CreateNNModelTask.model.layers.321.config.dtype,pipeline.CreateNNModelTask.model.layers.321.config.axis.1,pipeline.CreateNNModelTask.model.layers.321.config.momentum,pipeline.CreateNNModelTask.model.layers.321.config.epsilon,pipeline.CreateNNModelTask.model.layers.321.config.center,pipeline.CreateNNModelTask.model.layers.321.config.scale,pipeline.CreateNNModelTask.model.layers.321.config.beta_initializer.class_name,pipeline.CreateNNModelTask.model.layers.321.config.gamma_initializer.class_name,pipeline.CreateNNModelTask.model.layers.321.config.moving_mean_initializer.class_name,pipeline.CreateNNModelTask.model.layers.321.config.moving_variance_initializer.class_name,pipeline.CreateNNModelTask.model.layers.321.name,pipeline.CreateNNModelTask.model.layers.321.inbound_nodes.1.1.1,pipeline.CreateNNModelTask.model.layers.321.inbound_nodes.1.1.2,pipeline.CreateNNModelTask.model.layers.321.inbound_nodes.1.1.3,pipeline.CreateNNModelTask.model.layers.322.class_name,pipeline.CreateNNModelTask.model.layers.322.config.name,pipeline.CreateNNModelTask.model.layers.322.config.trainable,pipeline.CreateNNModelTask.model.layers.322.config.dtype,pipeline.CreateNNModelTask.model.layers.322.config.activation,pipeline.CreateNNModelTask.model.layers.322.name,pipeline.CreateNNModelTask.model.layers.322.inbound_nodes.1.1.1,pipeline.CreateNNModelTask.model.layers.322.inbound_nodes.1.1.2,pipeline.CreateNNModelTask.model.layers.322.inbound_nodes.1.1.3,pipeline.CreateNNModelTask.model.layers.323.class_name,pipeline.CreateNNModelTask.model.layers.323.config.name,pipeline.CreateNNModelTask.model.layers.323.config.trainable,pipeline.CreateNNModelTask.model.layers.323.config.dtype,pipeline.CreateNNModelTask.model.layers.323.config.filters,pipeline.CreateNNModelTask.model.layers.323.config.kernel_size.1,pipeline.CreateNNModelTask.model.layers.323.config.kernel_size.2,pipeline.CreateNNModelTask.model.layers.323.config.strides.1,pipeline.CreateNNModelTask.model.layers.323.config.strides.2,pipeline.CreateNNModelTask.model.layers.323.config.padding,pipeline.CreateNNModelTask.model.layers.323.config.data_format,pipeline.CreateNNModelTask.model.layers.323.config.dilation_rate.1,pipeline.CreateNNModelTask.model.layers.323.config.dilation_rate.2,pipeline.CreateNNModelTask.model.layers.323.config.groups,pipeline.CreateNNModelTask.model.layers.323.config.activation,pipeline.CreateNNModelTask.model.layers.323.config.use_bias,pipeline.CreateNNModelTask.model.layers.323.config.kernel_initializer.class_name,pipeline.CreateNNModelTask.model.layers.323.config.bias_initializer.class_name,pipeline.CreateNNModelTask.model.layers.323.name,pipeline.CreateNNModelTask.model.layers.323.inbound_nodes.1.1.1,pipeline.CreateNNModelTask.model.layers.323.inbound_nodes.1.1.2,pipeline.CreateNNModelTask.model.layers.323.inbound_nodes.1.1.3,pipeline.CreateNNModelTask.model.layers.324.class_name,pipeline.CreateNNModelTask.model.layers.324.config.name,pipeline.CreateNNModelTask.model.layers.324.config.trainable,pipeline.CreateNNModelTask.model.layers.324.config.dtype,pipeline.CreateNNModelTask.model.layers.324.config.axis.1,pipeline.CreateNNModelTask.model.layers.324.config.momentum,pipeline.CreateNNModelTask.model.layers.324.config.epsilon,pipeline.CreateNNModelTask.model.layers.324.config.center,pipeline.CreateNNModelTask.model.layers.324.config.scale,pipeline.CreateNNModelTask.model.layers.324.config.beta_initializer.class_name,pipeline.CreateNNModelTask.model.layers.324.config.gamma_initializer.class_name,pipeline.CreateNNModelTask.model.layers.324.config.moving_mean_initializer.class_name,pipeline.CreateNNModelTask.model.layers.324.config.moving_variance_initializer.class_name,pipeline.CreateNNModelTask.model.layers.324.name,pipeline.CreateNNModelTask.model.layers.324.inbound_nodes.1.1.1,pipeline.CreateNNModelTask.model.layers.324.inbound_nodes.1.1.2,pipeline.CreateNNModelTask.model.layers.324.inbound_nodes.1.1.3,pipeline.CreateNNModelTask.model.layers.325.class_name,pipeline.CreateNNModelTask.model.layers.325.config.name,pipeline.CreateNNModelTask.model.layers.325.config.trainable,pipeline.CreateNNModelTask.model.layers.325.config.dtype,pipeline.CreateNNModelTask.model.layers.325.config.activation,pipeline.CreateNNModelTask.model.layers.325.name,pipeline.CreateNNModelTask.model.layers.325.inbound_nodes.1.1.1,pipeline.CreateNNModelTask.model.layers.325.inbound_nodes.1.1.2,pipeline.CreateNNModelTask.model.layers.325.inbound_nodes.1.1.3,pipeline.CreateNNModelTask.model.layers.326.class_name,pipeline.CreateNNModelTask.model.layers.326.config.name,pipeline.CreateNNModelTask.model.layers.326.config.trainable,pipeline.CreateNNModelTask.model.layers.326.config.dtype,pipeline.CreateNNModelTask.model.layers.326.config.filters,pipeline.CreateNNModelTask.model.layers.326.config.kernel_size.1,pipeline.CreateNNModelTask.model.layers.326.config.kernel_size.2,pipeline.CreateNNModelTask.model.layers.326.config.strides.1,pipeline.CreateNNModelTask.model.layers.326.config.strides.2,pipeline.CreateNNModelTask.model.layers.326.config.padding,pipeline.CreateNNModelTask.model.layers.326.config.data_format,pipeline.CreateNNModelTask.model.layers.326.config.dilation_rate.1,pipeline.CreateNNModelTask.model.layers.326.config.dilation_rate.2,pipeline.CreateNNModelTask.model.layers.326.config.groups,pipeline.CreateNNModelTask.model.layers.326.config.activation,pipeline.CreateNNModelTask.model.layers.326.config.use_bias,pipeline.CreateNNModelTask.model.layers.326.config.kernel_initializer.class_name,pipeline.CreateNNModelTask.model.layers.326.config.bias_initializer.class_name,pipeline.CreateNNModelTask.model.layers.326.name,pipeline.CreateNNModelTask.model.layers.326.inbound_nodes.1.1.1,pipeline.CreateNNModelTask.model.layers.326.inbound_nodes.1.1.2,pipeline.CreateNNModelTask.model.layers.326.inbound_nodes.1.1.3,pipeline.CreateNNModelTask.model.layers.327.class_name,pipeline.CreateNNModelTask.model.layers.327.config.name,pipeline.CreateNNModelTask.model.layers.327.config.trainable,pipeline.CreateNNModelTask.model.layers.327.config.dtype,pipeline.CreateNNModelTask.model.layers.327.config.axis,pipeline.CreateNNModelTask.model.layers.327.name,pipeline.CreateNNModelTask.model.layers.327.inbound_nodes.1.1.1,pipeline.CreateNNModelTask.model.layers.327.inbound_nodes.1.1.2,pipeline.CreateNNModelTask.model.layers.327.inbound_nodes.1.1.3,pipeline.CreateNNModelTask.model.layers.327.inbound_nodes.1.2.1,pipeline.CreateNNModelTask.model.layers.327.inbound_nodes.1.2.2,pipeline.CreateNNModelTask.model.layers.327.inbound_nodes.1.2.3,pipeline.CreateNNModelTask.model.layers.328.class_name,pipeline.CreateNNModelTask.model.layers.328.config.name,pipeline.CreateNNModelTask.model.layers.328.config.trainable,pipeline.CreateNNModelTask.model.layers.328.config.dtype,pipeline.CreateNNModelTask.model.layers.328.config.axis.1,pipeline.CreateNNModelTask.model.layers.328.config.momentum,pipeline.CreateNNModelTask.model.layers.328.config.epsilon,pipeline.CreateNNModelTask.model.layers.328.config.center,pipeline.CreateNNModelTask.model.layers.328.config.scale,pipeline.CreateNNModelTask.model.layers.328.config.beta_initializer.class_name,pipeline.CreateNNModelTask.model.layers.328.config.gamma_initializer.class_name,pipeline.CreateNNModelTask.model.layers.328.config.moving_mean_initializer.class_name,pipeline.CreateNNModelTask.model.layers.328.config.moving_variance_initializer.class_name,pipeline.CreateNNModelTask.model.layers.328.name,pipeline.CreateNNModelTask.model.layers.328.inbound_nodes.1.1.1,pipeline.CreateNNModelTask.model.layers.328.inbound_nodes.1.1.2,pipeline.CreateNNModelTask.model.layers.328.inbound_nodes.1.1.3,pipeline.CreateNNModelTask.model.layers.329.class_name,pipeline.CreateNNModelTask.model.layers.329.config.name,pipeline.CreateNNModelTask.model.layers.329.config.trainable,pipeline.CreateNNModelTask.model.layers.329.config.dtype,pipeline.CreateNNModelTask.model.layers.329.config.activation,pipeline.CreateNNModelTask.model.layers.329.name,pipeline.CreateNNModelTask.model.layers.329.inbound_nodes.1.1.1,pipeline.CreateNNModelTask.model.layers.329.inbound_nodes.1.1.2,pipeline.CreateNNModelTask.model.layers.329.inbound_nodes.1.1.3,pipeline.CreateNNModelTask.model.layers.330.class_name,pipeline.CreateNNModelTask.model.layers.330.config.name,pipeline.CreateNNModelTask.model.layers.330.config.trainable,pipeline.CreateNNModelTask.model.layers.330.config.dtype,pipeline.CreateNNModelTask.model.layers.330.config.filters,pipeline.CreateNNModelTask.model.layers.330.config.kernel_size.1,pipeline.CreateNNModelTask.model.layers.330.config.kernel_size.2,pipeline.CreateNNModelTask.model.layers.330.config.strides.1,pipeline.CreateNNModelTask.model.layers.330.config.strides.2,pipeline.CreateNNModelTask.model.layers.330.config.padding,pipeline.CreateNNModelTask.model.layers.330.config.data_format,pipeline.CreateNNModelTask.model.layers.330.config.dilation_rate.1,pipeline.CreateNNModelTask.model.layers.330.config.dilation_rate.2,pipeline.CreateNNModelTask.model.layers.330.config.groups,pipeline.CreateNNModelTask.model.layers.330.config.activation,pipeline.CreateNNModelTask.model.layers.330.config.use_bias,pipeline.CreateNNModelTask.model.layers.330.config.kernel_initializer.class_name,pipeline.CreateNNModelTask.model.layers.330.config.bias_initializer.class_name,pipeline.CreateNNModelTask.model.layers.330.name,pipeline.CreateNNModelTask.model.layers.330.inbound_nodes.1.1.1,pipeline.CreateNNModelTask.model.layers.330.inbound_nodes.1.1.2,pipeline.CreateNNModelTask.model.layers.330.inbound_nodes.1.1.3,pipeline.CreateNNModelTask.model.layers.331.class_name,pipeline.CreateNNModelTask.model.layers.331.config.name,pipeline.CreateNNModelTask.model.layers.331.config.trainable,pipeline.CreateNNModelTask.model.layers.331.config.dtype,pipeline.CreateNNModelTask.model.layers.331.config.axis.1,pipeline.CreateNNModelTask.model.layers.331.config.momentum,pipeline.CreateNNModelTask.model.layers.331.config.epsilon,pipeline.CreateNNModelTask.model.layers.331.config.center,pipeline.CreateNNModelTask.model.layers.331.config.scale,pipeline.CreateNNModelTask.model.layers.331.config.beta_initializer.class_name,pipeline.CreateNNModelTask.model.layers.331.config.gamma_initializer.class_name,pipeline.CreateNNModelTask.model.layers.331.config.moving_mean_initializer.class_name,pipeline.CreateNNModelTask.model.layers.331.config.moving_variance_initializer.class_name,pipeline.CreateNNModelTask.model.layers.331.name,pipeline.CreateNNModelTask.model.layers.331.inbound_nodes.1.1.1,pipeline.CreateNNModelTask.model.layers.331.inbound_nodes.1.1.2,pipeline.CreateNNModelTask.model.layers.331.inbound_nodes.1.1.3,pipeline.CreateNNModelTask.model.layers.332.class_name,pipeline.CreateNNModelTask.model.layers.332.config.name,pipeline.CreateNNModelTask.model.layers.332.config.trainable,pipeline.CreateNNModelTask.model.layers.332.config.dtype,pipeline.CreateNNModelTask.model.layers.332.config.activation,pipeline.CreateNNModelTask.model.layers.332.name,pipeline.CreateNNModelTask.model.layers.332.inbound_nodes.1.1.1,pipeline.CreateNNModelTask.model.layers.332.inbound_nodes.1.1.2,pipeline.CreateNNModelTask.model.layers.332.inbound_nodes.1.1.3,pipeline.CreateNNModelTask.model.layers.333.class_name,pipeline.CreateNNModelTask.model.layers.333.config.name,pipeline.CreateNNModelTask.model.layers.333.config.trainable,pipeline.CreateNNModelTask.model.layers.333.config.dtype,pipeline.CreateNNModelTask.model.layers.333.config.filters,pipeline.CreateNNModelTask.model.layers.333.config.kernel_size.1,pipeline.CreateNNModelTask.model.layers.333.config.kernel_size.2,pipeline.CreateNNModelTask.model.layers.333.config.strides.1,pipeline.CreateNNModelTask.model.layers.333.config.strides.2,pipeline.CreateNNModelTask.model.layers.333.config.padding,pipeline.CreateNNModelTask.model.layers.333.config.data_format,pipeline.CreateNNModelTask.model.layers.333.config.dilation_rate.1,pipeline.CreateNNModelTask.model.layers.333.config.dilation_rate.2,pipeline.CreateNNModelTask.model.layers.333.config.groups,pipeline.CreateNNModelTask.model.layers.333.config.activation,pipeline.CreateNNModelTask.model.layers.333.config.use_bias,pipeline.CreateNNModelTask.model.layers.333.config.kernel_initializer.class_name,pipeline.CreateNNModelTask.model.layers.333.config.bias_initializer.class_name,pipeline.CreateNNModelTask.model.layers.333.name,pipeline.CreateNNModelTask.model.layers.333.inbound_nodes.1.1.1,pipeline.CreateNNModelTask.model.layers.333.inbound_nodes.1.1.2,pipeline.CreateNNModelTask.model.layers.333.inbound_nodes.1.1.3,pipeline.CreateNNModelTask.model.layers.334.class_name,pipeline.CreateNNModelTask.model.layers.334.config.name,pipeline.CreateNNModelTask.model.layers.334.config.trainable,pipeline.CreateNNModelTask.model.layers.334.config.dtype,pipeline.CreateNNModelTask.model.layers.334.config.axis,pipeline.CreateNNModelTask.model.layers.334.name,pipeline.CreateNNModelTask.model.layers.334.inbound_nodes.1.1.1,pipeline.CreateNNModelTask.model.layers.334.inbound_nodes.1.1.2,pipeline.CreateNNModelTask.model.layers.334.inbound_nodes.1.1.3,pipeline.CreateNNModelTask.model.layers.334.inbound_nodes.1.2.1,pipeline.CreateNNModelTask.model.layers.334.inbound_nodes.1.2.2,pipeline.CreateNNModelTask.model.layers.334.inbound_nodes.1.2.3,pipeline.CreateNNModelTask.model.layers.335.class_name,pipeline.CreateNNModelTask.model.layers.335.config.name,pipeline.CreateNNModelTask.model.layers.335.config.trainable,pipeline.CreateNNModelTask.model.layers.335.config.dtype,pipeline.CreateNNModelTask.model.layers.335.config.axis.1,pipeline.CreateNNModelTask.model.layers.335.config.momentum,pipeline.CreateNNModelTask.model.layers.335.config.epsilon,pipeline.CreateNNModelTask.model.layers.335.config.center,pipeline.CreateNNModelTask.model.layers.335.config.scale,pipeline.CreateNNModelTask.model.layers.335.config.beta_initializer.class_name,pipeline.CreateNNModelTask.model.layers.335.config.gamma_initializer.class_name,pipeline.CreateNNModelTask.model.layers.335.config.moving_mean_initializer.class_name,pipeline.CreateNNModelTask.model.layers.335.config.moving_variance_initializer.class_name,pipeline.CreateNNModelTask.model.layers.335.name,pipeline.CreateNNModelTask.model.layers.335.inbound_nodes.1.1.1,pipeline.CreateNNModelTask.model.layers.335.inbound_nodes.1.1.2,pipeline.CreateNNModelTask.model.layers.335.inbound_nodes.1.1.3,pipeline.CreateNNModelTask.model.layers.336.class_name,pipeline.CreateNNModelTask.model.layers.336.config.name,pipeline.CreateNNModelTask.model.layers.336.config.trainable,pipeline.CreateNNModelTask.model.layers.336.config.dtype,pipeline.CreateNNModelTask.model.layers.336.config.activation,pipeline.CreateNNModelTask.model.layers.336.name,pipeline.CreateNNModelTask.model.layers.336.inbound_nodes.1.1.1,pipeline.CreateNNModelTask.model.layers.336.inbound_nodes.1.1.2,pipeline.CreateNNModelTask.model.layers.336.inbound_nodes.1.1.3,pipeline.CreateNNModelTask.model.layers.337.class_name,pipeline.CreateNNModelTask.model.layers.337.config.name,pipeline.CreateNNModelTask.model.layers.337.config.trainable,pipeline.CreateNNModelTask.model.layers.337.config.dtype,pipeline.CreateNNModelTask.model.layers.337.config.filters,pipeline.CreateNNModelTask.model.layers.337.config.kernel_size.1,pipeline.CreateNNModelTask.model.layers.337.config.kernel_size.2,pipeline.CreateNNModelTask.model.layers.337.config.strides.1,pipeline.CreateNNModelTask.model.layers.337.config.strides.2,pipeline.CreateNNModelTask.model.layers.337.config.padding,pipeline.CreateNNModelTask.model.layers.337.config.data_format,pipeline.CreateNNModelTask.model.layers.337.config.dilation_rate.1,pipeline.CreateNNModelTask.model.layers.337.config.dilation_rate.2,pipeline.CreateNNModelTask.model.layers.337.config.groups,pipeline.CreateNNModelTask.model.layers.337.config.activation,pipeline.CreateNNModelTask.model.layers.337.config.use_bias,pipeline.CreateNNModelTask.model.layers.337.config.kernel_initializer.class_name,pipeline.CreateNNModelTask.model.layers.337.config.bias_initializer.class_name,pipeline.CreateNNModelTask.model.layers.337.name,pipeline.CreateNNModelTask.model.layers.337.inbound_nodes.1.1.1,pipeline.CreateNNModelTask.model.layers.337.inbound_nodes.1.1.2,pipeline.CreateNNModelTask.model.layers.337.inbound_nodes.1.1.3,pipeline.CreateNNModelTask.model.layers.338.class_name,pipeline.CreateNNModelTask.model.layers.338.config.name,pipeline.CreateNNModelTask.model.layers.338.config.trainable,pipeline.CreateNNModelTask.model.layers.338.config.dtype,pipeline.CreateNNModelTask.model.layers.338.config.axis.1,pipeline.CreateNNModelTask.model.layers.338.config.momentum,pipeline.CreateNNModelTask.model.layers.338.config.epsilon,pipeline.CreateNNModelTask.model.layers.338.config.center,pipeline.CreateNNModelTask.model.layers.338.config.scale,pipeline.CreateNNModelTask.model.layers.338.config.beta_initializer.class_name,pipeline.CreateNNModelTask.model.layers.338.config.gamma_initializer.class_name,pipeline.CreateNNModelTask.model.layers.338.config.moving_mean_initializer.class_name,pipeline.CreateNNModelTask.model.layers.338.config.moving_variance_initializer.class_name,pipeline.CreateNNModelTask.model.layers.338.name,pipeline.CreateNNModelTask.model.layers.338.inbound_nodes.1.1.1,pipeline.CreateNNModelTask.model.layers.338.inbound_nodes.1.1.2,pipeline.CreateNNModelTask.model.layers.338.inbound_nodes.1.1.3,pipeline.CreateNNModelTask.model.layers.339.class_name,pipeline.CreateNNModelTask.model.layers.339.config.name,pipeline.CreateNNModelTask.model.layers.339.config.trainable,pipeline.CreateNNModelTask.model.layers.339.config.dtype,pipeline.CreateNNModelTask.model.layers.339.config.activation,pipeline.CreateNNModelTask.model.layers.339.name,pipeline.CreateNNModelTask.model.layers.339.inbound_nodes.1.1.1,pipeline.CreateNNModelTask.model.layers.339.inbound_nodes.1.1.2,pipeline.CreateNNModelTask.model.layers.339.inbound_nodes.1.1.3,pipeline.CreateNNModelTask.model.layers.340.class_name,pipeline.CreateNNModelTask.model.layers.340.config.name,pipeline.CreateNNModelTask.model.layers.340.config.trainable,pipeline.CreateNNModelTask.model.layers.340.config.dtype,pipeline.CreateNNModelTask.model.layers.340.config.filters,pipeline.CreateNNModelTask.model.layers.340.config.kernel_size.1,pipeline.CreateNNModelTask.model.layers.340.config.kernel_size.2,pipeline.CreateNNModelTask.model.layers.340.config.strides.1,pipeline.CreateNNModelTask.model.layers.340.config.strides.2,pipeline.CreateNNModelTask.model.layers.340.config.padding,pipeline.CreateNNModelTask.model.layers.340.config.data_format,pipeline.CreateNNModelTask.model.layers.340.config.dilation_rate.1,pipeline.CreateNNModelTask.model.layers.340.config.dilation_rate.2,pipeline.CreateNNModelTask.model.layers.340.config.groups,pipeline.CreateNNModelTask.model.layers.340.config.activation,pipeline.CreateNNModelTask.model.layers.340.config.use_bias,pipeline.CreateNNModelTask.model.layers.340.config.kernel_initializer.class_name,pipeline.CreateNNModelTask.model.layers.340.config.bias_initializer.class_name,pipeline.CreateNNModelTask.model.layers.340.name,pipeline.CreateNNModelTask.model.layers.340.inbound_nodes.1.1.1,pipeline.CreateNNModelTask.model.layers.340.inbound_nodes.1.1.2,pipeline.CreateNNModelTask.model.layers.340.inbound_nodes.1.1.3,pipeline.CreateNNModelTask.model.layers.341.class_name,pipeline.CreateNNModelTask.model.layers.341.config.name,pipeline.CreateNNModelTask.model.layers.341.config.trainable,pipeline.CreateNNModelTask.model.layers.341.config.dtype,pipeline.CreateNNModelTask.model.layers.341.config.axis,pipeline.CreateNNModelTask.model.layers.341.name,pipeline.CreateNNModelTask.model.layers.341.inbound_nodes.1.1.1,pipeline.CreateNNModelTask.model.layers.341.inbound_nodes.1.1.2,pipeline.CreateNNModelTask.model.layers.341.inbound_nodes.1.1.3,pipeline.CreateNNModelTask.model.layers.341.inbound_nodes.1.2.1,pipeline.CreateNNModelTask.model.layers.341.inbound_nodes.1.2.2,pipeline.CreateNNModelTask.model.layers.341.inbound_nodes.1.2.3,pipeline.CreateNNModelTask.model.layers.342.class_name,pipeline.CreateNNModelTask.model.layers.342.config.name,pipeline.CreateNNModelTask.model.layers.342.config.trainable,pipeline.CreateNNModelTask.model.layers.342.config.dtype,pipeline.CreateNNModelTask.model.layers.342.config.axis.1,pipeline.CreateNNModelTask.model.layers.342.config.momentum,pipeline.CreateNNModelTask.model.layers.342.config.epsilon,pipeline.CreateNNModelTask.model.layers.342.config.center,pipeline.CreateNNModelTask.model.layers.342.config.scale,pipeline.CreateNNModelTask.model.layers.342.config.beta_initializer.class_name,pipeline.CreateNNModelTask.model.layers.342.config.gamma_initializer.class_name,pipeline.CreateNNModelTask.model.layers.342.config.moving_mean_initializer.class_name,pipeline.CreateNNModelTask.model.layers.342.config.moving_variance_initializer.class_name,pipeline.CreateNNModelTask.model.layers.342.name,pipeline.CreateNNModelTask.model.layers.342.inbound_nodes.1.1.1,pipeline.CreateNNModelTask.model.layers.342.inbound_nodes.1.1.2,pipeline.CreateNNModelTask.model.layers.342.inbound_nodes.1.1.3,pipeline.CreateNNModelTask.model.layers.343.class_name,pipeline.CreateNNModelTask.model.layers.343.config.name,pipeline.CreateNNModelTask.model.layers.343.config.trainable,pipeline.CreateNNModelTask.model.layers.343.config.dtype,pipeline.CreateNNModelTask.model.layers.343.config.activation,pipeline.CreateNNModelTask.model.layers.343.name,pipeline.CreateNNModelTask.model.layers.343.inbound_nodes.1.1.1,pipeline.CreateNNModelTask.model.layers.343.inbound_nodes.1.1.2,pipeline.CreateNNModelTask.model.layers.343.inbound_nodes.1.1.3,pipeline.CreateNNModelTask.model.layers.344.class_name,pipeline.CreateNNModelTask.model.layers.344.config.name,pipeline.CreateNNModelTask.model.layers.344.config.trainable,pipeline.CreateNNModelTask.model.layers.344.config.dtype,pipeline.CreateNNModelTask.model.layers.344.config.filters,pipeline.CreateNNModelTask.model.layers.344.config.kernel_size.1,pipeline.CreateNNModelTask.model.layers.344.config.kernel_size.2,pipeline.CreateNNModelTask.model.layers.344.config.strides.1,pipeline.CreateNNModelTask.model.layers.344.config.strides.2,pipeline.CreateNNModelTask.model.layers.344.config.padding,pipeline.CreateNNModelTask.model.layers.344.config.data_format,pipeline.CreateNNModelTask.model.layers.344.config.dilation_rate.1,pipeline.CreateNNModelTask.model.layers.344.config.dilation_rate.2,pipeline.CreateNNModelTask.model.layers.344.config.groups,pipeline.CreateNNModelTask.model.layers.344.config.activation,pipeline.CreateNNModelTask.model.layers.344.config.use_bias,pipeline.CreateNNModelTask.model.layers.344.config.kernel_initializer.class_name,pipeline.CreateNNModelTask.model.layers.344.config.bias_initializer.class_name,pipeline.CreateNNModelTask.model.layers.344.name,pipeline.CreateNNModelTask.model.layers.344.inbound_nodes.1.1.1,pipeline.CreateNNModelTask.model.layers.344.inbound_nodes.1.1.2,pipeline.CreateNNModelTask.model.layers.344.inbound_nodes.1.1.3,pipeline.CreateNNModelTask.model.layers.345.class_name,pipeline.CreateNNModelTask.model.layers.345.config.name,pipeline.CreateNNModelTask.model.layers.345.config.trainable,pipeline.CreateNNModelTask.model.layers.345.config.dtype,pipeline.CreateNNModelTask.model.layers.345.config.axis.1,pipeline.CreateNNModelTask.model.layers.345.config.momentum,pipeline.CreateNNModelTask.model.layers.345.config.epsilon,pipeline.CreateNNModelTask.model.layers.345.config.center,pipeline.CreateNNModelTask.model.layers.345.config.scale,pipeline.CreateNNModelTask.model.layers.345.config.beta_initializer.class_name,pipeline.CreateNNModelTask.model.layers.345.config.gamma_initializer.class_name,pipeline.CreateNNModelTask.model.layers.345.config.moving_mean_initializer.class_name,pipeline.CreateNNModelTask.model.layers.345.config.moving_variance_initializer.class_name,pipeline.CreateNNModelTask.model.layers.345.name,pipeline.CreateNNModelTask.model.layers.345.inbound_nodes.1.1.1,pipeline.CreateNNModelTask.model.layers.345.inbound_nodes.1.1.2,pipeline.CreateNNModelTask.model.layers.345.inbound_nodes.1.1.3,pipeline.CreateNNModelTask.model.layers.346.class_name,pipeline.CreateNNModelTask.model.layers.346.config.name,pipeline.CreateNNModelTask.model.layers.346.config.trainable,pipeline.CreateNNModelTask.model.layers.346.config.dtype,pipeline.CreateNNModelTask.model.layers.346.config.activation,pipeline.CreateNNModelTask.model.layers.346.name,pipeline.CreateNNModelTask.model.layers.346.inbound_nodes.1.1.1,pipeline.CreateNNModelTask.model.layers.346.inbound_nodes.1.1.2,pipeline.CreateNNModelTask.model.layers.346.inbound_nodes.1.1.3,pipeline.CreateNNModelTask.model.layers.347.class_name,pipeline.CreateNNModelTask.model.layers.347.config.name,pipeline.CreateNNModelTask.model.layers.347.config.trainable,pipeline.CreateNNModelTask.model.layers.347.config.dtype,pipeline.CreateNNModelTask.model.layers.347.config.filters,pipeline.CreateNNModelTask.model.layers.347.config.kernel_size.1,pipeline.CreateNNModelTask.model.layers.347.config.kernel_size.2,pipeline.CreateNNModelTask.model.layers.347.config.strides.1,pipeline.CreateNNModelTask.model.layers.347.config.strides.2,pipeline.CreateNNModelTask.model.layers.347.config.padding,pipeline.CreateNNModelTask.model.layers.347.config.data_format,pipeline.CreateNNModelTask.model.layers.347.config.dilation_rate.1,pipeline.CreateNNModelTask.model.layers.347.config.dilation_rate.2,pipeline.CreateNNModelTask.model.layers.347.config.groups,pipeline.CreateNNModelTask.model.layers.347.config.activation,pipeline.CreateNNModelTask.model.layers.347.config.use_bias,pipeline.CreateNNModelTask.model.layers.347.config.kernel_initializer.class_name,pipeline.CreateNNModelTask.model.layers.347.config.bias_initializer.class_name,pipeline.CreateNNModelTask.model.layers.347.name,pipeline.CreateNNModelTask.model.layers.347.inbound_nodes.1.1.1,pipeline.CreateNNModelTask.model.layers.347.inbound_nodes.1.1.2,pipeline.CreateNNModelTask.model.layers.347.inbound_nodes.1.1.3,pipeline.CreateNNModelTask.model.layers.348.class_name,pipeline.CreateNNModelTask.model.layers.348.config.name,pipeline.CreateNNModelTask.model.layers.348.config.trainable,pipeline.CreateNNModelTask.model.layers.348.config.dtype,pipeline.CreateNNModelTask.model.layers.348.config.axis,pipeline.CreateNNModelTask.model.layers.348.name,pipeline.CreateNNModelTask.model.layers.348.inbound_nodes.1.1.1,pipeline.CreateNNModelTask.model.layers.348.inbound_nodes.1.1.2,pipeline.CreateNNModelTask.model.layers.348.inbound_nodes.1.1.3,pipeline.CreateNNModelTask.model.layers.348.inbound_nodes.1.2.1,pipeline.CreateNNModelTask.model.layers.348.inbound_nodes.1.2.2,pipeline.CreateNNModelTask.model.layers.348.inbound_nodes.1.2.3,pipeline.CreateNNModelTask.model.layers.349.class_name,pipeline.CreateNNModelTask.model.layers.349.config.name,pipeline.CreateNNModelTask.model.layers.349.config.trainable,pipeline.CreateNNModelTask.model.layers.349.config.dtype,pipeline.CreateNNModelTask.model.layers.349.config.axis.1,pipeline.CreateNNModelTask.model.layers.349.config.momentum,pipeline.CreateNNModelTask.model.layers.349.config.epsilon,pipeline.CreateNNModelTask.model.layers.349.config.center,pipeline.CreateNNModelTask.model.layers.349.config.scale,pipeline.CreateNNModelTask.model.layers.349.config.beta_initializer.class_name,pipeline.CreateNNModelTask.model.layers.349.config.gamma_initializer.class_name,pipeline.CreateNNModelTask.model.layers.349.config.moving_mean_initializer.class_name,pipeline.CreateNNModelTask.model.layers.349.config.moving_variance_initializer.class_name,pipeline.CreateNNModelTask.model.layers.349.name,pipeline.CreateNNModelTask.model.layers.349.inbound_nodes.1.1.1,pipeline.CreateNNModelTask.model.layers.349.inbound_nodes.1.1.2,pipeline.CreateNNModelTask.model.layers.349.inbound_nodes.1.1.3,pipeline.CreateNNModelTask.model.layers.350.class_name,pipeline.CreateNNModelTask.model.layers.350.config.name,pipeline.CreateNNModelTask.model.layers.350.config.trainable,pipeline.CreateNNModelTask.model.layers.350.config.dtype,pipeline.CreateNNModelTask.model.layers.350.config.activation,pipeline.CreateNNModelTask.model.layers.350.name,pipeline.CreateNNModelTask.model.layers.350.inbound_nodes.1.1.1,pipeline.CreateNNModelTask.model.layers.350.inbound_nodes.1.1.2,pipeline.CreateNNModelTask.model.layers.350.inbound_nodes.1.1.3,pipeline.CreateNNModelTask.model.layers.351.class_name,pipeline.CreateNNModelTask.model.layers.351.config.name,pipeline.CreateNNModelTask.model.layers.351.config.trainable,pipeline.CreateNNModelTask.model.layers.351.config.dtype,pipeline.CreateNNModelTask.model.layers.351.config.filters,pipeline.CreateNNModelTask.model.layers.351.config.kernel_size.1,pipeline.CreateNNModelTask.model.layers.351.config.kernel_size.2,pipeline.CreateNNModelTask.model.layers.351.config.strides.1,pipeline.CreateNNModelTask.model.layers.351.config.strides.2,pipeline.CreateNNModelTask.model.layers.351.config.padding,pipeline.CreateNNModelTask.model.layers.351.config.data_format,pipeline.CreateNNModelTask.model.layers.351.config.dilation_rate.1,pipeline.CreateNNModelTask.model.layers.351.config.dilation_rate.2,pipeline.CreateNNModelTask.model.layers.351.config.groups,pipeline.CreateNNModelTask.model.layers.351.config.activation,pipeline.CreateNNModelTask.model.layers.351.config.use_bias,pipeline.CreateNNModelTask.model.layers.351.config.kernel_initializer.class_name,pipeline.CreateNNModelTask.model.layers.351.config.bias_initializer.class_name,pipeline.CreateNNModelTask.model.layers.351.name,pipeline.CreateNNModelTask.model.layers.351.inbound_nodes.1.1.1,pipeline.CreateNNModelTask.model.layers.351.inbound_nodes.1.1.2,pipeline.CreateNNModelTask.model.layers.351.inbound_nodes.1.1.3,pipeline.CreateNNModelTask.model.layers.352.class_name,pipeline.CreateNNModelTask.model.layers.352.config.name,pipeline.CreateNNModelTask.model.layers.352.config.trainable,pipeline.CreateNNModelTask.model.layers.352.config.dtype,pipeline.CreateNNModelTask.model.layers.352.config.axis.1,pipeline.CreateNNModelTask.model.layers.352.config.momentum,pipeline.CreateNNModelTask.model.layers.352.config.epsilon,pipeline.CreateNNModelTask.model.layers.352.config.center,pipeline.CreateNNModelTask.model.layers.352.config.scale,pipeline.CreateNNModelTask.model.layers.352.config.beta_initializer.class_name,pipeline.CreateNNModelTask.model.layers.352.config.gamma_initializer.class_name,pipeline.CreateNNModelTask.model.layers.352.config.moving_mean_initializer.class_name,pipeline.CreateNNModelTask.model.layers.352.config.moving_variance_initializer.class_name,pipeline.CreateNNModelTask.model.layers.352.name,pipeline.CreateNNModelTask.model.layers.352.inbound_nodes.1.1.1,pipeline.CreateNNModelTask.model.layers.352.inbound_nodes.1.1.2,pipeline.CreateNNModelTask.model.layers.352.inbound_nodes.1.1.3,pipeline.CreateNNModelTask.model.layers.353.class_name,pipeline.CreateNNModelTask.model.layers.353.config.name,pipeline.CreateNNModelTask.model.layers.353.config.trainable,pipeline.CreateNNModelTask.model.layers.353.config.dtype,pipeline.CreateNNModelTask.model.layers.353.config.activation,pipeline.CreateNNModelTask.model.layers.353.name,pipeline.CreateNNModelTask.model.layers.353.inbound_nodes.1.1.1,pipeline.CreateNNModelTask.model.layers.353.inbound_nodes.1.1.2,pipeline.CreateNNModelTask.model.layers.353.inbound_nodes.1.1.3,pipeline.CreateNNModelTask.model.layers.354.class_name,pipeline.CreateNNModelTask.model.layers.354.config.name,pipeline.CreateNNModelTask.model.layers.354.config.trainable,pipeline.CreateNNModelTask.model.layers.354.config.dtype,pipeline.CreateNNModelTask.model.layers.354.config.filters,pipeline.CreateNNModelTask.model.layers.354.config.kernel_size.1,pipeline.CreateNNModelTask.model.layers.354.config.kernel_size.2,pipeline.CreateNNModelTask.model.layers.354.config.strides.1,pipeline.CreateNNModelTask.model.layers.354.config.strides.2,pipeline.CreateNNModelTask.model.layers.354.config.padding,pipeline.CreateNNModelTask.model.layers.354.config.data_format,pipeline.CreateNNModelTask.model.layers.354.config.dilation_rate.1,pipeline.CreateNNModelTask.model.layers.354.config.dilation_rate.2,pipeline.CreateNNModelTask.model.layers.354.config.groups,pipeline.CreateNNModelTask.model.layers.354.config.activation,pipeline.CreateNNModelTask.model.layers.354.config.use_bias,pipeline.CreateNNModelTask.model.layers.354.config.kernel_initializer.class_name,pipeline.CreateNNModelTask.model.layers.354.config.bias_initializer.class_name,pipeline.CreateNNModelTask.model.layers.354.name,pipeline.CreateNNModelTask.model.layers.354.inbound_nodes.1.1.1,pipeline.CreateNNModelTask.model.layers.354.inbound_nodes.1.1.2,pipeline.CreateNNModelTask.model.layers.354.inbound_nodes.1.1.3,pipeline.CreateNNModelTask.model.layers.355.class_name,pipeline.CreateNNModelTask.model.layers.355.config.name,pipeline.CreateNNModelTask.model.layers.355.config.trainable,pipeline.CreateNNModelTask.model.layers.355.config.dtype,pipeline.CreateNNModelTask.model.layers.355.config.axis,pipeline.CreateNNModelTask.model.layers.355.name,pipeline.CreateNNModelTask.model.layers.355.inbound_nodes.1.1.1,pipeline.CreateNNModelTask.model.layers.355.inbound_nodes.1.1.2,pipeline.CreateNNModelTask.model.layers.355.inbound_nodes.1.1.3,pipeline.CreateNNModelTask.model.layers.355.inbound_nodes.1.2.1,pipeline.CreateNNModelTask.model.layers.355.inbound_nodes.1.2.2,pipeline.CreateNNModelTask.model.layers.355.inbound_nodes.1.2.3,pipeline.CreateNNModelTask.model.layers.356.class_name,pipeline.CreateNNModelTask.model.layers.356.config.name,pipeline.CreateNNModelTask.model.layers.356.config.trainable,pipeline.CreateNNModelTask.model.layers.356.config.dtype,pipeline.CreateNNModelTask.model.layers.356.config.axis.1,pipeline.CreateNNModelTask.model.layers.356.config.momentum,pipeline.CreateNNModelTask.model.layers.356.config.epsilon,pipeline.CreateNNModelTask.model.layers.356.config.center,pipeline.CreateNNModelTask.model.layers.356.config.scale,pipeline.CreateNNModelTask.model.layers.356.config.beta_initializer.class_name,pipeline.CreateNNModelTask.model.layers.356.config.gamma_initializer.class_name,pipeline.CreateNNModelTask.model.layers.356.config.moving_mean_initializer.class_name,pipeline.CreateNNModelTask.model.layers.356.config.moving_variance_initializer.class_name,pipeline.CreateNNModelTask.model.layers.356.name,pipeline.CreateNNModelTask.model.layers.356.inbound_nodes.1.1.1,pipeline.CreateNNModelTask.model.layers.356.inbound_nodes.1.1.2,pipeline.CreateNNModelTask.model.layers.356.inbound_nodes.1.1.3,pipeline.CreateNNModelTask.model.layers.357.class_name,pipeline.CreateNNModelTask.model.layers.357.config.name,pipeline.CreateNNModelTask.model.layers.357.config.trainable,pipeline.CreateNNModelTask.model.layers.357.config.dtype,pipeline.CreateNNModelTask.model.layers.357.config.activation,pipeline.CreateNNModelTask.model.layers.357.name,pipeline.CreateNNModelTask.model.layers.357.inbound_nodes.1.1.1,pipeline.CreateNNModelTask.model.layers.357.inbound_nodes.1.1.2,pipeline.CreateNNModelTask.model.layers.357.inbound_nodes.1.1.3,pipeline.CreateNNModelTask.model.layers.358.class_name,pipeline.CreateNNModelTask.model.layers.358.config.name,pipeline.CreateNNModelTask.model.layers.358.config.trainable,pipeline.CreateNNModelTask.model.layers.358.config.dtype,pipeline.CreateNNModelTask.model.layers.358.config.filters,pipeline.CreateNNModelTask.model.layers.358.config.kernel_size.1,pipeline.CreateNNModelTask.model.layers.358.config.kernel_size.2,pipeline.CreateNNModelTask.model.layers.358.config.strides.1,pipeline.CreateNNModelTask.model.layers.358.config.strides.2,pipeline.CreateNNModelTask.model.layers.358.config.padding,pipeline.CreateNNModelTask.model.layers.358.config.data_format,pipeline.CreateNNModelTask.model.layers.358.config.dilation_rate.1,pipeline.CreateNNModelTask.model.layers.358.config.dilation_rate.2,pipeline.CreateNNModelTask.model.layers.358.config.groups,pipeline.CreateNNModelTask.model.layers.358.config.activation,pipeline.CreateNNModelTask.model.layers.358.config.use_bias,pipeline.CreateNNModelTask.model.layers.358.config.kernel_initializer.class_name,pipeline.CreateNNModelTask.model.layers.358.config.bias_initializer.class_name,pipeline.CreateNNModelTask.model.layers.358.name,pipeline.CreateNNModelTask.model.layers.358.inbound_nodes.1.1.1,pipeline.CreateNNModelTask.model.layers.358.inbound_nodes.1.1.2,pipeline.CreateNNModelTask.model.layers.358.inbound_nodes.1.1.3,pipeline.CreateNNModelTask.model.layers.359.class_name,pipeline.CreateNNModelTask.model.layers.359.config.name,pipeline.CreateNNModelTask.model.layers.359.config.trainable,pipeline.CreateNNModelTask.model.layers.359.config.dtype,pipeline.CreateNNModelTask.model.layers.359.config.axis.1,pipeline.CreateNNModelTask.model.layers.359.config.momentum,pipeline.CreateNNModelTask.model.layers.359.config.epsilon,pipeline.CreateNNModelTask.model.layers.359.config.center,pipeline.CreateNNModelTask.model.layers.359.config.scale,pipeline.CreateNNModelTask.model.layers.359.config.beta_initializer.class_name,pipeline.CreateNNModelTask.model.layers.359.config.gamma_initializer.class_name,pipeline.CreateNNModelTask.model.layers.359.config.moving_mean_initializer.class_name,pipeline.CreateNNModelTask.model.layers.359.config.moving_variance_initializer.class_name,pipeline.CreateNNModelTask.model.layers.359.name,pipeline.CreateNNModelTask.model.layers.359.inbound_nodes.1.1.1,pipeline.CreateNNModelTask.model.layers.359.inbound_nodes.1.1.2,pipeline.CreateNNModelTask.model.layers.359.inbound_nodes.1.1.3,pipeline.CreateNNModelTask.model.layers.360.class_name,pipeline.CreateNNModelTask.model.layers.360.config.name,pipeline.CreateNNModelTask.model.layers.360.config.trainable,pipeline.CreateNNModelTask.model.layers.360.config.dtype,pipeline.CreateNNModelTask.model.layers.360.config.activation,pipeline.CreateNNModelTask.model.layers.360.name,pipeline.CreateNNModelTask.model.layers.360.inbound_nodes.1.1.1,pipeline.CreateNNModelTask.model.layers.360.inbound_nodes.1.1.2,pipeline.CreateNNModelTask.model.layers.360.inbound_nodes.1.1.3,pipeline.CreateNNModelTask.model.layers.361.class_name,pipeline.CreateNNModelTask.model.layers.361.config.name,pipeline.CreateNNModelTask.model.layers.361.config.trainable,pipeline.CreateNNModelTask.model.layers.361.config.dtype,pipeline.CreateNNModelTask.model.layers.361.config.filters,pipeline.CreateNNModelTask.model.layers.361.config.kernel_size.1,pipeline.CreateNNModelTask.model.layers.361.config.kernel_size.2,pipeline.CreateNNModelTask.model.layers.361.config.strides.1,pipeline.CreateNNModelTask.model.layers.361.config.strides.2,pipeline.CreateNNModelTask.model.layers.361.config.padding,pipeline.CreateNNModelTask.model.layers.361.config.data_format,pipeline.CreateNNModelTask.model.layers.361.config.dilation_rate.1,pipeline.CreateNNModelTask.model.layers.361.config.dilation_rate.2,pipeline.CreateNNModelTask.model.layers.361.config.groups,pipeline.CreateNNModelTask.model.layers.361.config.activation,pipeline.CreateNNModelTask.model.layers.361.config.use_bias,pipeline.CreateNNModelTask.model.layers.361.config.kernel_initializer.class_name,pipeline.CreateNNModelTask.model.layers.361.config.bias_initializer.class_name,pipeline.CreateNNModelTask.model.layers.361.name,pipeline.CreateNNModelTask.model.layers.361.inbound_nodes.1.1.1,pipeline.CreateNNModelTask.model.layers.361.inbound_nodes.1.1.2,pipeline.CreateNNModelTask.model.layers.361.inbound_nodes.1.1.3,pipeline.CreateNNModelTask.model.layers.362.class_name,pipeline.CreateNNModelTask.model.layers.362.config.name,pipeline.CreateNNModelTask.model.layers.362.config.trainable,pipeline.CreateNNModelTask.model.layers.362.config.dtype,pipeline.CreateNNModelTask.model.layers.362.config.axis,pipeline.CreateNNModelTask.model.layers.362.name,pipeline.CreateNNModelTask.model.layers.362.inbound_nodes.1.1.1,pipeline.CreateNNModelTask.model.layers.362.inbound_nodes.1.1.2,pipeline.CreateNNModelTask.model.layers.362.inbound_nodes.1.1.3,pipeline.CreateNNModelTask.model.layers.362.inbound_nodes.1.2.1,pipeline.CreateNNModelTask.model.layers.362.inbound_nodes.1.2.2,pipeline.CreateNNModelTask.model.layers.362.inbound_nodes.1.2.3,pipeline.CreateNNModelTask.model.layers.363.class_name,pipeline.CreateNNModelTask.model.layers.363.config.name,pipeline.CreateNNModelTask.model.layers.363.config.trainable,pipeline.CreateNNModelTask.model.layers.363.config.dtype,pipeline.CreateNNModelTask.model.layers.363.config.axis.1,pipeline.CreateNNModelTask.model.layers.363.config.momentum,pipeline.CreateNNModelTask.model.layers.363.config.epsilon,pipeline.CreateNNModelTask.model.layers.363.config.center,pipeline.CreateNNModelTask.model.layers.363.config.scale,pipeline.CreateNNModelTask.model.layers.363.config.beta_initializer.class_name,pipeline.CreateNNModelTask.model.layers.363.config.gamma_initializer.class_name,pipeline.CreateNNModelTask.model.layers.363.config.moving_mean_initializer.class_name,pipeline.CreateNNModelTask.model.layers.363.config.moving_variance_initializer.class_name,pipeline.CreateNNModelTask.model.layers.363.name,pipeline.CreateNNModelTask.model.layers.363.inbound_nodes.1.1.1,pipeline.CreateNNModelTask.model.layers.363.inbound_nodes.1.1.2,pipeline.CreateNNModelTask.model.layers.363.inbound_nodes.1.1.3,pipeline.CreateNNModelTask.model.layers.364.class_name,pipeline.CreateNNModelTask.model.layers.364.config.name,pipeline.CreateNNModelTask.model.layers.364.config.trainable,pipeline.CreateNNModelTask.model.layers.364.config.dtype,pipeline.CreateNNModelTask.model.layers.364.config.activation,pipeline.CreateNNModelTask.model.layers.364.name,pipeline.CreateNNModelTask.model.layers.364.inbound_nodes.1.1.1,pipeline.CreateNNModelTask.model.layers.364.inbound_nodes.1.1.2,pipeline.CreateNNModelTask.model.layers.364.inbound_nodes.1.1.3,pipeline.CreateNNModelTask.model.layers.365.class_name,pipeline.CreateNNModelTask.model.layers.365.config.name,pipeline.CreateNNModelTask.model.layers.365.config.trainable,pipeline.CreateNNModelTask.model.layers.365.config.dtype,pipeline.CreateNNModelTask.model.layers.365.config.filters,pipeline.CreateNNModelTask.model.layers.365.config.kernel_size.1,pipeline.CreateNNModelTask.model.layers.365.config.kernel_size.2,pipeline.CreateNNModelTask.model.layers.365.config.strides.1,pipeline.CreateNNModelTask.model.layers.365.config.strides.2,pipeline.CreateNNModelTask.model.layers.365.config.padding,pipeline.CreateNNModelTask.model.layers.365.config.data_format,pipeline.CreateNNModelTask.model.layers.365.config.dilation_rate.1,pipeline.CreateNNModelTask.model.layers.365.config.dilation_rate.2,pipeline.CreateNNModelTask.model.layers.365.config.groups,pipeline.CreateNNModelTask.model.layers.365.config.activation,pipeline.CreateNNModelTask.model.layers.365.config.use_bias,pipeline.CreateNNModelTask.model.layers.365.config.kernel_initializer.class_name,pipeline.CreateNNModelTask.model.layers.365.config.bias_initializer.class_name,pipeline.CreateNNModelTask.model.layers.365.name,pipeline.CreateNNModelTask.model.layers.365.inbound_nodes.1.1.1,pipeline.CreateNNModelTask.model.layers.365.inbound_nodes.1.1.2,pipeline.CreateNNModelTask.model.layers.365.inbound_nodes.1.1.3,pipeline.CreateNNModelTask.model.layers.366.class_name,pipeline.CreateNNModelTask.model.layers.366.config.name,pipeline.CreateNNModelTask.model.layers.366.config.trainable,pipeline.CreateNNModelTask.model.layers.366.config.dtype,pipeline.CreateNNModelTask.model.layers.366.config.axis.1,pipeline.CreateNNModelTask.model.layers.366.config.momentum,pipeline.CreateNNModelTask.model.layers.366.config.epsilon,pipeline.CreateNNModelTask.model.layers.366.config.center,pipeline.CreateNNModelTask.model.layers.366.config.scale,pipeline.CreateNNModelTask.model.layers.366.config.beta_initializer.class_name,pipeline.CreateNNModelTask.model.layers.366.config.gamma_initializer.class_name,pipeline.CreateNNModelTask.model.layers.366.config.moving_mean_initializer.class_name,pipeline.CreateNNModelTask.model.layers.366.config.moving_variance_initializer.class_name,pipeline.CreateNNModelTask.model.layers.366.name,pipeline.CreateNNModelTask.model.layers.366.inbound_nodes.1.1.1,pipeline.CreateNNModelTask.model.layers.366.inbound_nodes.1.1.2,pipeline.CreateNNModelTask.model.layers.366.inbound_nodes.1.1.3,pipeline.CreateNNModelTask.model.layers.367.class_name,pipeline.CreateNNModelTask.model.layers.367.config.name,pipeline.CreateNNModelTask.model.layers.367.config.trainable,pipeline.CreateNNModelTask.model.layers.367.config.dtype,pipeline.CreateNNModelTask.model.layers.367.config.activation,pipeline.CreateNNModelTask.model.layers.367.name,pipeline.CreateNNModelTask.model.layers.367.inbound_nodes.1.1.1,pipeline.CreateNNModelTask.model.layers.367.inbound_nodes.1.1.2,pipeline.CreateNNModelTask.model.layers.367.inbound_nodes.1.1.3,pipeline.CreateNNModelTask.model.layers.368.class_name,pipeline.CreateNNModelTask.model.layers.368.config.name,pipeline.CreateNNModelTask.model.layers.368.config.trainable,pipeline.CreateNNModelTask.model.layers.368.config.dtype,pipeline.CreateNNModelTask.model.layers.368.config.filters,pipeline.CreateNNModelTask.model.layers.368.config.kernel_size.1,pipeline.CreateNNModelTask.model.layers.368.config.kernel_size.2,pipeline.CreateNNModelTask.model.layers.368.config.strides.1,pipeline.CreateNNModelTask.model.layers.368.config.strides.2,pipeline.CreateNNModelTask.model.layers.368.config.padding,pipeline.CreateNNModelTask.model.layers.368.config.data_format,pipeline.CreateNNModelTask.model.layers.368.config.dilation_rate.1,pipeline.CreateNNModelTask.model.layers.368.config.dilation_rate.2,pipeline.CreateNNModelTask.model.layers.368.config.groups,pipeline.CreateNNModelTask.model.layers.368.config.activation,pipeline.CreateNNModelTask.model.layers.368.config.use_bias,pipeline.CreateNNModelTask.model.layers.368.config.kernel_initializer.class_name,pipeline.CreateNNModelTask.model.layers.368.config.bias_initializer.class_name,pipeline.CreateNNModelTask.model.layers.368.name,pipeline.CreateNNModelTask.model.layers.368.inbound_nodes.1.1.1,pipeline.CreateNNModelTask.model.layers.368.inbound_nodes.1.1.2,pipeline.CreateNNModelTask.model.layers.368.inbound_nodes.1.1.3,pipeline.CreateNNModelTask.model.layers.369.class_name,pipeline.CreateNNModelTask.model.layers.369.config.name,pipeline.CreateNNModelTask.model.layers.369.config.trainable,pipeline.CreateNNModelTask.model.layers.369.config.dtype,pipeline.CreateNNModelTask.model.layers.369.config.axis,pipeline.CreateNNModelTask.model.layers.369.name,pipeline.CreateNNModelTask.model.layers.369.inbound_nodes.1.1.1,pipeline.CreateNNModelTask.model.layers.369.inbound_nodes.1.1.2,pipeline.CreateNNModelTask.model.layers.369.inbound_nodes.1.1.3,pipeline.CreateNNModelTask.model.layers.369.inbound_nodes.1.2.1,pipeline.CreateNNModelTask.model.layers.369.inbound_nodes.1.2.2,pipeline.CreateNNModelTask.model.layers.369.inbound_nodes.1.2.3,pipeline.CreateNNModelTask.model.layers.370.class_name,pipeline.CreateNNModelTask.model.layers.370.config.name,pipeline.CreateNNModelTask.model.layers.370.config.trainable,pipeline.CreateNNModelTask.model.layers.370.config.dtype,pipeline.CreateNNModelTask.model.layers.370.config.axis.1,pipeline.CreateNNModelTask.model.layers.370.config.momentum,pipeline.CreateNNModelTask.model.layers.370.config.epsilon,pipeline.CreateNNModelTask.model.layers.370.config.center,pipeline.CreateNNModelTask.model.layers.370.config.scale,pipeline.CreateNNModelTask.model.layers.370.config.beta_initializer.class_name,pipeline.CreateNNModelTask.model.layers.370.config.gamma_initializer.class_name,pipeline.CreateNNModelTask.model.layers.370.config.moving_mean_initializer.class_name,pipeline.CreateNNModelTask.model.layers.370.config.moving_variance_initializer.class_name,pipeline.CreateNNModelTask.model.layers.370.name,pipeline.CreateNNModelTask.model.layers.370.inbound_nodes.1.1.1,pipeline.CreateNNModelTask.model.layers.370.inbound_nodes.1.1.2,pipeline.CreateNNModelTask.model.layers.370.inbound_nodes.1.1.3,pipeline.CreateNNModelTask.model.layers.371.class_name,pipeline.CreateNNModelTask.model.layers.371.config.name,pipeline.CreateNNModelTask.model.layers.371.config.trainable,pipeline.CreateNNModelTask.model.layers.371.config.dtype,pipeline.CreateNNModelTask.model.layers.371.config.activation,pipeline.CreateNNModelTask.model.layers.371.name,pipeline.CreateNNModelTask.model.layers.371.inbound_nodes.1.1.1,pipeline.CreateNNModelTask.model.layers.371.inbound_nodes.1.1.2,pipeline.CreateNNModelTask.model.layers.371.inbound_nodes.1.1.3,pipeline.CreateNNModelTask.model.layers.372.class_name,pipeline.CreateNNModelTask.model.layers.372.config.name,pipeline.CreateNNModelTask.model.layers.372.config.trainable,pipeline.CreateNNModelTask.model.layers.372.config.dtype,pipeline.CreateNNModelTask.model.layers.372.config.filters,pipeline.CreateNNModelTask.model.layers.372.config.kernel_size.1,pipeline.CreateNNModelTask.model.layers.372.config.kernel_size.2,pipeline.CreateNNModelTask.model.layers.372.config.strides.1,pipeline.CreateNNModelTask.model.layers.372.config.strides.2,pipeline.CreateNNModelTask.model.layers.372.config.padding,pipeline.CreateNNModelTask.model.layers.372.config.data_format,pipeline.CreateNNModelTask.model.layers.372.config.dilation_rate.1,pipeline.CreateNNModelTask.model.layers.372.config.dilation_rate.2,pipeline.CreateNNModelTask.model.layers.372.config.groups,pipeline.CreateNNModelTask.model.layers.372.config.activation,pipeline.CreateNNModelTask.model.layers.372.config.use_bias,pipeline.CreateNNModelTask.model.layers.372.config.kernel_initializer.class_name,pipeline.CreateNNModelTask.model.layers.372.config.bias_initializer.class_name,pipeline.CreateNNModelTask.model.layers.372.name,pipeline.CreateNNModelTask.model.layers.372.inbound_nodes.1.1.1,pipeline.CreateNNModelTask.model.layers.372.inbound_nodes.1.1.2,pipeline.CreateNNModelTask.model.layers.372.inbound_nodes.1.1.3,pipeline.CreateNNModelTask.model.layers.373.class_name,pipeline.CreateNNModelTask.model.layers.373.config.name,pipeline.CreateNNModelTask.model.layers.373.config.trainable,pipeline.CreateNNModelTask.model.layers.373.config.dtype,pipeline.CreateNNModelTask.model.layers.373.config.axis.1,pipeline.CreateNNModelTask.model.layers.373.config.momentum,pipeline.CreateNNModelTask.model.layers.373.config.epsilon,pipeline.CreateNNModelTask.model.layers.373.config.center,pipeline.CreateNNModelTask.model.layers.373.config.scale,pipeline.CreateNNModelTask.model.layers.373.config.beta_initializer.class_name,pipeline.CreateNNModelTask.model.layers.373.config.gamma_initializer.class_name,pipeline.CreateNNModelTask.model.layers.373.config.moving_mean_initializer.class_name,pipeline.CreateNNModelTask.model.layers.373.config.moving_variance_initializer.class_name,pipeline.CreateNNModelTask.model.layers.373.name,pipeline.CreateNNModelTask.model.layers.373.inbound_nodes.1.1.1,pipeline.CreateNNModelTask.model.layers.373.inbound_nodes.1.1.2,pipeline.CreateNNModelTask.model.layers.373.inbound_nodes.1.1.3,pipeline.CreateNNModelTask.model.layers.374.class_name,pipeline.CreateNNModelTask.model.layers.374.config.name,pipeline.CreateNNModelTask.model.layers.374.config.trainable,pipeline.CreateNNModelTask.model.layers.374.config.dtype,pipeline.CreateNNModelTask.model.layers.374.config.activation,pipeline.CreateNNModelTask.model.layers.374.name,pipeline.CreateNNModelTask.model.layers.374.inbound_nodes.1.1.1,pipeline.CreateNNModelTask.model.layers.374.inbound_nodes.1.1.2,pipeline.CreateNNModelTask.model.layers.374.inbound_nodes.1.1.3,pipeline.CreateNNModelTask.model.layers.375.class_name,pipeline.CreateNNModelTask.model.layers.375.config.name,pipeline.CreateNNModelTask.model.layers.375.config.trainable,pipeline.CreateNNModelTask.model.layers.375.config.dtype,pipeline.CreateNNModelTask.model.layers.375.config.filters,pipeline.CreateNNModelTask.model.layers.375.config.kernel_size.1,pipeline.CreateNNModelTask.model.layers.375.config.kernel_size.2,pipeline.CreateNNModelTask.model.layers.375.config.strides.1,pipeline.CreateNNModelTask.model.layers.375.config.strides.2,pipeline.CreateNNModelTask.model.layers.375.config.padding,pipeline.CreateNNModelTask.model.layers.375.config.data_format,pipeline.CreateNNModelTask.model.layers.375.config.dilation_rate.1,pipeline.CreateNNModelTask.model.layers.375.config.dilation_rate.2,pipeline.CreateNNModelTask.model.layers.375.config.groups,pipeline.CreateNNModelTask.model.layers.375.config.activation,pipeline.CreateNNModelTask.model.layers.375.config.use_bias,pipeline.CreateNNModelTask.model.layers.375.config.kernel_initializer.class_name,pipeline.CreateNNModelTask.model.layers.375.config.bias_initializer.class_name,pipeline.CreateNNModelTask.model.layers.375.name,pipeline.CreateNNModelTask.model.layers.375.inbound_nodes.1.1.1,pipeline.CreateNNModelTask.model.layers.375.inbound_nodes.1.1.2,pipeline.CreateNNModelTask.model.layers.375.inbound_nodes.1.1.3,pipeline.CreateNNModelTask.model.layers.376.class_name,pipeline.CreateNNModelTask.model.layers.376.config.name,pipeline.CreateNNModelTask.model.layers.376.config.trainable,pipeline.CreateNNModelTask.model.layers.376.config.dtype,pipeline.CreateNNModelTask.model.layers.376.config.axis,pipeline.CreateNNModelTask.model.layers.376.name,pipeline.CreateNNModelTask.model.layers.376.inbound_nodes.1.1.1,pipeline.CreateNNModelTask.model.layers.376.inbound_nodes.1.1.2,pipeline.CreateNNModelTask.model.layers.376.inbound_nodes.1.1.3,pipeline.CreateNNModelTask.model.layers.376.inbound_nodes.1.2.1,pipeline.CreateNNModelTask.model.layers.376.inbound_nodes.1.2.2,pipeline.CreateNNModelTask.model.layers.376.inbound_nodes.1.2.3,pipeline.CreateNNModelTask.model.layers.377.class_name,pipeline.CreateNNModelTask.model.layers.377.config.name,pipeline.CreateNNModelTask.model.layers.377.config.trainable,pipeline.CreateNNModelTask.model.layers.377.config.dtype,pipeline.CreateNNModelTask.model.layers.377.config.axis.1,pipeline.CreateNNModelTask.model.layers.377.config.momentum,pipeline.CreateNNModelTask.model.layers.377.config.epsilon,pipeline.CreateNNModelTask.model.layers.377.config.center,pipeline.CreateNNModelTask.model.layers.377.config.scale,pipeline.CreateNNModelTask.model.layers.377.config.beta_initializer.class_name,pipeline.CreateNNModelTask.model.layers.377.config.gamma_initializer.class_name,pipeline.CreateNNModelTask.model.layers.377.config.moving_mean_initializer.class_name,pipeline.CreateNNModelTask.model.layers.377.config.moving_variance_initializer.class_name,pipeline.CreateNNModelTask.model.layers.377.name,pipeline.CreateNNModelTask.model.layers.377.inbound_nodes.1.1.1,pipeline.CreateNNModelTask.model.layers.377.inbound_nodes.1.1.2,pipeline.CreateNNModelTask.model.layers.377.inbound_nodes.1.1.3,pipeline.CreateNNModelTask.model.layers.378.class_name,pipeline.CreateNNModelTask.model.layers.378.config.name,pipeline.CreateNNModelTask.model.layers.378.config.trainable,pipeline.CreateNNModelTask.model.layers.378.config.dtype,pipeline.CreateNNModelTask.model.layers.378.config.activation,pipeline.CreateNNModelTask.model.layers.378.name,pipeline.CreateNNModelTask.model.layers.378.inbound_nodes.1.1.1,pipeline.CreateNNModelTask.model.layers.378.inbound_nodes.1.1.2,pipeline.CreateNNModelTask.model.layers.378.inbound_nodes.1.1.3,pipeline.CreateNNModelTask.model.layers.379.class_name,pipeline.CreateNNModelTask.model.layers.379.config.name,pipeline.CreateNNModelTask.model.layers.379.config.trainable,pipeline.CreateNNModelTask.model.layers.379.config.dtype,pipeline.CreateNNModelTask.model.layers.379.config.filters,pipeline.CreateNNModelTask.model.layers.379.config.kernel_size.1,pipeline.CreateNNModelTask.model.layers.379.config.kernel_size.2,pipeline.CreateNNModelTask.model.layers.379.config.strides.1,pipeline.CreateNNModelTask.model.layers.379.config.strides.2,pipeline.CreateNNModelTask.model.layers.379.config.padding,pipeline.CreateNNModelTask.model.layers.379.config.data_format,pipeline.CreateNNModelTask.model.layers.379.config.dilation_rate.1,pipeline.CreateNNModelTask.model.layers.379.config.dilation_rate.2,pipeline.CreateNNModelTask.model.layers.379.config.groups,pipeline.CreateNNModelTask.model.layers.379.config.activation,pipeline.CreateNNModelTask.model.layers.379.config.use_bias,pipeline.CreateNNModelTask.model.layers.379.config.kernel_initializer.class_name,pipeline.CreateNNModelTask.model.layers.379.config.bias_initializer.class_name,pipeline.CreateNNModelTask.model.layers.379.name,pipeline.CreateNNModelTask.model.layers.379.inbound_nodes.1.1.1,pipeline.CreateNNModelTask.model.layers.379.inbound_nodes.1.1.2,pipeline.CreateNNModelTask.model.layers.379.inbound_nodes.1.1.3,pipeline.CreateNNModelTask.model.layers.380.class_name,pipeline.CreateNNModelTask.model.layers.380.config.name,pipeline.CreateNNModelTask.model.layers.380.config.trainable,pipeline.CreateNNModelTask.model.layers.380.config.dtype,pipeline.CreateNNModelTask.model.layers.380.config.axis.1,pipeline.CreateNNModelTask.model.layers.380.config.momentum,pipeline.CreateNNModelTask.model.layers.380.config.epsilon,pipeline.CreateNNModelTask.model.layers.380.config.center,pipeline.CreateNNModelTask.model.layers.380.config.scale,pipeline.CreateNNModelTask.model.layers.380.config.beta_initializer.class_name,pipeline.CreateNNModelTask.model.layers.380.config.gamma_initializer.class_name,pipeline.CreateNNModelTask.model.layers.380.config.moving_mean_initializer.class_name,pipeline.CreateNNModelTask.model.layers.380.config.moving_variance_initializer.class_name,pipeline.CreateNNModelTask.model.layers.380.name,pipeline.CreateNNModelTask.model.layers.380.inbound_nodes.1.1.1,pipeline.CreateNNModelTask.model.layers.380.inbound_nodes.1.1.2,pipeline.CreateNNModelTask.model.layers.380.inbound_nodes.1.1.3,pipeline.CreateNNModelTask.model.layers.381.class_name,pipeline.CreateNNModelTask.model.layers.381.config.name,pipeline.CreateNNModelTask.model.layers.381.config.trainable,pipeline.CreateNNModelTask.model.layers.381.config.dtype,pipeline.CreateNNModelTask.model.layers.381.config.activation,pipeline.CreateNNModelTask.model.layers.381.name,pipeline.CreateNNModelTask.model.layers.381.inbound_nodes.1.1.1,pipeline.CreateNNModelTask.model.layers.381.inbound_nodes.1.1.2,pipeline.CreateNNModelTask.model.layers.381.inbound_nodes.1.1.3,pipeline.CreateNNModelTask.model.layers.382.class_name,pipeline.CreateNNModelTask.model.layers.382.config.name,pipeline.CreateNNModelTask.model.layers.382.config.trainable,pipeline.CreateNNModelTask.model.layers.382.config.dtype,pipeline.CreateNNModelTask.model.layers.382.config.filters,pipeline.CreateNNModelTask.model.layers.382.config.kernel_size.1,pipeline.CreateNNModelTask.model.layers.382.config.kernel_size.2,pipeline.CreateNNModelTask.model.layers.382.config.strides.1,pipeline.CreateNNModelTask.model.layers.382.config.strides.2,pipeline.CreateNNModelTask.model.layers.382.config.padding,pipeline.CreateNNModelTask.model.layers.382.config.data_format,pipeline.CreateNNModelTask.model.layers.382.config.dilation_rate.1,pipeline.CreateNNModelTask.model.layers.382.config.dilation_rate.2,pipeline.CreateNNModelTask.model.layers.382.config.groups,pipeline.CreateNNModelTask.model.layers.382.config.activation,pipeline.CreateNNModelTask.model.layers.382.config.use_bias,pipeline.CreateNNModelTask.model.layers.382.config.kernel_initializer.class_name,pipeline.CreateNNModelTask.model.layers.382.config.bias_initializer.class_name,pipeline.CreateNNModelTask.model.layers.382.name,pipeline.CreateNNModelTask.model.layers.382.inbound_nodes.1.1.1,pipeline.CreateNNModelTask.model.layers.382.inbound_nodes.1.1.2,pipeline.CreateNNModelTask.model.layers.382.inbound_nodes.1.1.3,pipeline.CreateNNModelTask.model.layers.383.class_name,pipeline.CreateNNModelTask.model.layers.383.config.name,pipeline.CreateNNModelTask.model.layers.383.config.trainable,pipeline.CreateNNModelTask.model.layers.383.config.dtype,pipeline.CreateNNModelTask.model.layers.383.config.axis,pipeline.CreateNNModelTask.model.layers.383.name,pipeline.CreateNNModelTask.model.layers.383.inbound_nodes.1.1.1,pipeline.CreateNNModelTask.model.layers.383.inbound_nodes.1.1.2,pipeline.CreateNNModelTask.model.layers.383.inbound_nodes.1.1.3,pipeline.CreateNNModelTask.model.layers.383.inbound_nodes.1.2.1,pipeline.CreateNNModelTask.model.layers.383.inbound_nodes.1.2.2,pipeline.CreateNNModelTask.model.layers.383.inbound_nodes.1.2.3,pipeline.CreateNNModelTask.model.layers.384.class_name,pipeline.CreateNNModelTask.model.layers.384.config.name,pipeline.CreateNNModelTask.model.layers.384.config.trainable,pipeline.CreateNNModelTask.model.layers.384.config.dtype,pipeline.CreateNNModelTask.model.layers.384.config.axis.1,pipeline.CreateNNModelTask.model.layers.384.config.momentum,pipeline.CreateNNModelTask.model.layers.384.config.epsilon,pipeline.CreateNNModelTask.model.layers.384.config.center,pipeline.CreateNNModelTask.model.layers.384.config.scale,pipeline.CreateNNModelTask.model.layers.384.config.beta_initializer.class_name,pipeline.CreateNNModelTask.model.layers.384.config.gamma_initializer.class_name,pipeline.CreateNNModelTask.model.layers.384.config.moving_mean_initializer.class_name,pipeline.CreateNNModelTask.model.layers.384.config.moving_variance_initializer.class_name,pipeline.CreateNNModelTask.model.layers.384.name,pipeline.CreateNNModelTask.model.layers.384.inbound_nodes.1.1.1,pipeline.CreateNNModelTask.model.layers.384.inbound_nodes.1.1.2,pipeline.CreateNNModelTask.model.layers.384.inbound_nodes.1.1.3,pipeline.CreateNNModelTask.model.layers.385.class_name,pipeline.CreateNNModelTask.model.layers.385.config.name,pipeline.CreateNNModelTask.model.layers.385.config.trainable,pipeline.CreateNNModelTask.model.layers.385.config.dtype,pipeline.CreateNNModelTask.model.layers.385.config.activation,pipeline.CreateNNModelTask.model.layers.385.name,pipeline.CreateNNModelTask.model.layers.385.inbound_nodes.1.1.1,pipeline.CreateNNModelTask.model.layers.385.inbound_nodes.1.1.2,pipeline.CreateNNModelTask.model.layers.385.inbound_nodes.1.1.3,pipeline.CreateNNModelTask.model.layers.386.class_name,pipeline.CreateNNModelTask.model.layers.386.config.name,pipeline.CreateNNModelTask.model.layers.386.config.trainable,pipeline.CreateNNModelTask.model.layers.386.config.dtype,pipeline.CreateNNModelTask.model.layers.386.config.filters,pipeline.CreateNNModelTask.model.layers.386.config.kernel_size.1,pipeline.CreateNNModelTask.model.layers.386.config.kernel_size.2,pipeline.CreateNNModelTask.model.layers.386.config.strides.1,pipeline.CreateNNModelTask.model.layers.386.config.strides.2,pipeline.CreateNNModelTask.model.layers.386.config.padding,pipeline.CreateNNModelTask.model.layers.386.config.data_format,pipeline.CreateNNModelTask.model.layers.386.config.dilation_rate.1,pipeline.CreateNNModelTask.model.layers.386.config.dilation_rate.2,pipeline.CreateNNModelTask.model.layers.386.config.groups,pipeline.CreateNNModelTask.model.layers.386.config.activation,pipeline.CreateNNModelTask.model.layers.386.config.use_bias,pipeline.CreateNNModelTask.model.layers.386.config.kernel_initializer.class_name,pipeline.CreateNNModelTask.model.layers.386.config.bias_initializer.class_name,pipeline.CreateNNModelTask.model.layers.386.name,pipeline.CreateNNModelTask.model.layers.386.inbound_nodes.1.1.1,pipeline.CreateNNModelTask.model.layers.386.inbound_nodes.1.1.2,pipeline.CreateNNModelTask.model.layers.386.inbound_nodes.1.1.3,pipeline.CreateNNModelTask.model.layers.387.class_name,pipeline.CreateNNModelTask.model.layers.387.config.name,pipeline.CreateNNModelTask.model.layers.387.config.trainable,pipeline.CreateNNModelTask.model.layers.387.config.dtype,pipeline.CreateNNModelTask.model.layers.387.config.axis.1,pipeline.CreateNNModelTask.model.layers.387.config.momentum,pipeline.CreateNNModelTask.model.layers.387.config.epsilon,pipeline.CreateNNModelTask.model.layers.387.config.center,pipeline.CreateNNModelTask.model.layers.387.config.scale,pipeline.CreateNNModelTask.model.layers.387.config.beta_initializer.class_name,pipeline.CreateNNModelTask.model.layers.387.config.gamma_initializer.class_name,pipeline.CreateNNModelTask.model.layers.387.config.moving_mean_initializer.class_name,pipeline.CreateNNModelTask.model.layers.387.config.moving_variance_initializer.class_name,pipeline.CreateNNModelTask.model.layers.387.name,pipeline.CreateNNModelTask.model.layers.387.inbound_nodes.1.1.1,pipeline.CreateNNModelTask.model.layers.387.inbound_nodes.1.1.2,pipeline.CreateNNModelTask.model.layers.387.inbound_nodes.1.1.3,pipeline.CreateNNModelTask.model.layers.388.class_name,pipeline.CreateNNModelTask.model.layers.388.config.name,pipeline.CreateNNModelTask.model.layers.388.config.trainable,pipeline.CreateNNModelTask.model.layers.388.config.dtype,pipeline.CreateNNModelTask.model.layers.388.config.activation,pipeline.CreateNNModelTask.model.layers.388.name,pipeline.CreateNNModelTask.model.layers.388.inbound_nodes.1.1.1,pipeline.CreateNNModelTask.model.layers.388.inbound_nodes.1.1.2,pipeline.CreateNNModelTask.model.layers.388.inbound_nodes.1.1.3,pipeline.CreateNNModelTask.model.layers.389.class_name,pipeline.CreateNNModelTask.model.layers.389.config.name,pipeline.CreateNNModelTask.model.layers.389.config.trainable,pipeline.CreateNNModelTask.model.layers.389.config.dtype,pipeline.CreateNNModelTask.model.layers.389.config.filters,pipeline.CreateNNModelTask.model.layers.389.config.kernel_size.1,pipeline.CreateNNModelTask.model.layers.389.config.kernel_size.2,pipeline.CreateNNModelTask.model.layers.389.config.strides.1,pipeline.CreateNNModelTask.model.layers.389.config.strides.2,pipeline.CreateNNModelTask.model.layers.389.config.padding,pipeline.CreateNNModelTask.model.layers.389.config.data_format,pipeline.CreateNNModelTask.model.layers.389.config.dilation_rate.1,pipeline.CreateNNModelTask.model.layers.389.config.dilation_rate.2,pipeline.CreateNNModelTask.model.layers.389.config.groups,pipeline.CreateNNModelTask.model.layers.389.config.activation,pipeline.CreateNNModelTask.model.layers.389.config.use_bias,pipeline.CreateNNModelTask.model.layers.389.config.kernel_initializer.class_name,pipeline.CreateNNModelTask.model.layers.389.config.bias_initializer.class_name,pipeline.CreateNNModelTask.model.layers.389.name,pipeline.CreateNNModelTask.model.layers.389.inbound_nodes.1.1.1,pipeline.CreateNNModelTask.model.layers.389.inbound_nodes.1.1.2,pipeline.CreateNNModelTask.model.layers.389.inbound_nodes.1.1.3,pipeline.CreateNNModelTask.model.layers.390.class_name,pipeline.CreateNNModelTask.model.layers.390.config.name,pipeline.CreateNNModelTask.model.layers.390.config.trainable,pipeline.CreateNNModelTask.model.layers.390.config.dtype,pipeline.CreateNNModelTask.model.layers.390.config.axis,pipeline.CreateNNModelTask.model.layers.390.name,pipeline.CreateNNModelTask.model.layers.390.inbound_nodes.1.1.1,pipeline.CreateNNModelTask.model.layers.390.inbound_nodes.1.1.2,pipeline.CreateNNModelTask.model.layers.390.inbound_nodes.1.1.3,pipeline.CreateNNModelTask.model.layers.390.inbound_nodes.1.2.1,pipeline.CreateNNModelTask.model.layers.390.inbound_nodes.1.2.2,pipeline.CreateNNModelTask.model.layers.390.inbound_nodes.1.2.3,pipeline.CreateNNModelTask.model.layers.391.class_name,pipeline.CreateNNModelTask.model.layers.391.config.name,pipeline.CreateNNModelTask.model.layers.391.config.trainable,pipeline.CreateNNModelTask.model.layers.391.config.dtype,pipeline.CreateNNModelTask.model.layers.391.config.axis.1,pipeline.CreateNNModelTask.model.layers.391.config.momentum,pipeline.CreateNNModelTask.model.layers.391.config.epsilon,pipeline.CreateNNModelTask.model.layers.391.config.center,pipeline.CreateNNModelTask.model.layers.391.config.scale,pipeline.CreateNNModelTask.model.layers.391.config.beta_initializer.class_name,pipeline.CreateNNModelTask.model.layers.391.config.gamma_initializer.class_name,pipeline.CreateNNModelTask.model.layers.391.config.moving_mean_initializer.class_name,pipeline.CreateNNModelTask.model.layers.391.config.moving_variance_initializer.class_name,pipeline.CreateNNModelTask.model.layers.391.name,pipeline.CreateNNModelTask.model.layers.391.inbound_nodes.1.1.1,pipeline.CreateNNModelTask.model.layers.391.inbound_nodes.1.1.2,pipeline.CreateNNModelTask.model.layers.391.inbound_nodes.1.1.3,pipeline.CreateNNModelTask.model.layers.392.class_name,pipeline.CreateNNModelTask.model.layers.392.config.name,pipeline.CreateNNModelTask.model.layers.392.config.trainable,pipeline.CreateNNModelTask.model.layers.392.config.dtype,pipeline.CreateNNModelTask.model.layers.392.config.activation,pipeline.CreateNNModelTask.model.layers.392.name,pipeline.CreateNNModelTask.model.layers.392.inbound_nodes.1.1.1,pipeline.CreateNNModelTask.model.layers.392.inbound_nodes.1.1.2,pipeline.CreateNNModelTask.model.layers.392.inbound_nodes.1.1.3,pipeline.CreateNNModelTask.model.layers.393.class_name,pipeline.CreateNNModelTask.model.layers.393.config.name,pipeline.CreateNNModelTask.model.layers.393.config.trainable,pipeline.CreateNNModelTask.model.layers.393.config.dtype,pipeline.CreateNNModelTask.model.layers.393.config.filters,pipeline.CreateNNModelTask.model.layers.393.config.kernel_size.1,pipeline.CreateNNModelTask.model.layers.393.config.kernel_size.2,pipeline.CreateNNModelTask.model.layers.393.config.strides.1,pipeline.CreateNNModelTask.model.layers.393.config.strides.2,pipeline.CreateNNModelTask.model.layers.393.config.padding,pipeline.CreateNNModelTask.model.layers.393.config.data_format,pipeline.CreateNNModelTask.model.layers.393.config.dilation_rate.1,pipeline.CreateNNModelTask.model.layers.393.config.dilation_rate.2,pipeline.CreateNNModelTask.model.layers.393.config.groups,pipeline.CreateNNModelTask.model.layers.393.config.activation,pipeline.CreateNNModelTask.model.layers.393.config.use_bias,pipeline.CreateNNModelTask.model.layers.393.config.kernel_initializer.class_name,pipeline.CreateNNModelTask.model.layers.393.config.bias_initializer.class_name,pipeline.CreateNNModelTask.model.layers.393.name,pipeline.CreateNNModelTask.model.layers.393.inbound_nodes.1.1.1,pipeline.CreateNNModelTask.model.layers.393.inbound_nodes.1.1.2,pipeline.CreateNNModelTask.model.layers.393.inbound_nodes.1.1.3,pipeline.CreateNNModelTask.model.layers.394.class_name,pipeline.CreateNNModelTask.model.layers.394.config.name,pipeline.CreateNNModelTask.model.layers.394.config.trainable,pipeline.CreateNNModelTask.model.layers.394.config.dtype,pipeline.CreateNNModelTask.model.layers.394.config.axis.1,pipeline.CreateNNModelTask.model.layers.394.config.momentum,pipeline.CreateNNModelTask.model.layers.394.config.epsilon,pipeline.CreateNNModelTask.model.layers.394.config.center,pipeline.CreateNNModelTask.model.layers.394.config.scale,pipeline.CreateNNModelTask.model.layers.394.config.beta_initializer.class_name,pipeline.CreateNNModelTask.model.layers.394.config.gamma_initializer.class_name,pipeline.CreateNNModelTask.model.layers.394.config.moving_mean_initializer.class_name,pipeline.CreateNNModelTask.model.layers.394.config.moving_variance_initializer.class_name,pipeline.CreateNNModelTask.model.layers.394.name,pipeline.CreateNNModelTask.model.layers.394.inbound_nodes.1.1.1,pipeline.CreateNNModelTask.model.layers.394.inbound_nodes.1.1.2,pipeline.CreateNNModelTask.model.layers.394.inbound_nodes.1.1.3,pipeline.CreateNNModelTask.model.layers.395.class_name,pipeline.CreateNNModelTask.model.layers.395.config.name,pipeline.CreateNNModelTask.model.layers.395.config.trainable,pipeline.CreateNNModelTask.model.layers.395.config.dtype,pipeline.CreateNNModelTask.model.layers.395.config.activation,pipeline.CreateNNModelTask.model.layers.395.name,pipeline.CreateNNModelTask.model.layers.395.inbound_nodes.1.1.1,pipeline.CreateNNModelTask.model.layers.395.inbound_nodes.1.1.2,pipeline.CreateNNModelTask.model.layers.395.inbound_nodes.1.1.3,pipeline.CreateNNModelTask.model.layers.396.class_name,pipeline.CreateNNModelTask.model.layers.396.config.name,pipeline.CreateNNModelTask.model.layers.396.config.trainable,pipeline.CreateNNModelTask.model.layers.396.config.dtype,pipeline.CreateNNModelTask.model.layers.396.config.filters,pipeline.CreateNNModelTask.model.layers.396.config.kernel_size.1,pipeline.CreateNNModelTask.model.layers.396.config.kernel_size.2,pipeline.CreateNNModelTask.model.layers.396.config.strides.1,pipeline.CreateNNModelTask.model.layers.396.config.strides.2,pipeline.CreateNNModelTask.model.layers.396.config.padding,pipeline.CreateNNModelTask.model.layers.396.config.data_format,pipeline.CreateNNModelTask.model.layers.396.config.dilation_rate.1,pipeline.CreateNNModelTask.model.layers.396.config.dilation_rate.2,pipeline.CreateNNModelTask.model.layers.396.config.groups,pipeline.CreateNNModelTask.model.layers.396.config.activation,pipeline.CreateNNModelTask.model.layers.396.config.use_bias,pipeline.CreateNNModelTask.model.layers.396.config.kernel_initializer.class_name,pipeline.CreateNNModelTask.model.layers.396.config.bias_initializer.class_name,pipeline.CreateNNModelTask.model.layers.396.name,pipeline.CreateNNModelTask.model.layers.396.inbound_nodes.1.1.1,pipeline.CreateNNModelTask.model.layers.396.inbound_nodes.1.1.2,pipeline.CreateNNModelTask.model.layers.396.inbound_nodes.1.1.3,pipeline.CreateNNModelTask.model.layers.397.class_name,pipeline.CreateNNModelTask.model.layers.397.config.name,pipeline.CreateNNModelTask.model.layers.397.config.trainable,pipeline.CreateNNModelTask.model.layers.397.config.dtype,pipeline.CreateNNModelTask.model.layers.397.config.axis,pipeline.CreateNNModelTask.model.layers.397.name,pipeline.CreateNNModelTask.model.layers.397.inbound_nodes.1.1.1,pipeline.CreateNNModelTask.model.layers.397.inbound_nodes.1.1.2,pipeline.CreateNNModelTask.model.layers.397.inbound_nodes.1.1.3,pipeline.CreateNNModelTask.model.layers.397.inbound_nodes.1.2.1,pipeline.CreateNNModelTask.model.layers.397.inbound_nodes.1.2.2,pipeline.CreateNNModelTask.model.layers.397.inbound_nodes.1.2.3,pipeline.CreateNNModelTask.model.layers.398.class_name,pipeline.CreateNNModelTask.model.layers.398.config.name,pipeline.CreateNNModelTask.model.layers.398.config.trainable,pipeline.CreateNNModelTask.model.layers.398.config.dtype,pipeline.CreateNNModelTask.model.layers.398.config.axis.1,pipeline.CreateNNModelTask.model.layers.398.config.momentum,pipeline.CreateNNModelTask.model.layers.398.config.epsilon,pipeline.CreateNNModelTask.model.layers.398.config.center,pipeline.CreateNNModelTask.model.layers.398.config.scale,pipeline.CreateNNModelTask.model.layers.398.config.beta_initializer.class_name,pipeline.CreateNNModelTask.model.layers.398.config.gamma_initializer.class_name,pipeline.CreateNNModelTask.model.layers.398.config.moving_mean_initializer.class_name,pipeline.CreateNNModelTask.model.layers.398.config.moving_variance_initializer.class_name,pipeline.CreateNNModelTask.model.layers.398.name,pipeline.CreateNNModelTask.model.layers.398.inbound_nodes.1.1.1,pipeline.CreateNNModelTask.model.layers.398.inbound_nodes.1.1.2,pipeline.CreateNNModelTask.model.layers.398.inbound_nodes.1.1.3,pipeline.CreateNNModelTask.model.layers.399.class_name,pipeline.CreateNNModelTask.model.layers.399.config.name,pipeline.CreateNNModelTask.model.layers.399.config.trainable,pipeline.CreateNNModelTask.model.layers.399.config.dtype,pipeline.CreateNNModelTask.model.layers.399.config.activation,pipeline.CreateNNModelTask.model.layers.399.name,pipeline.CreateNNModelTask.model.layers.399.inbound_nodes.1.1.1,pipeline.CreateNNModelTask.model.layers.399.inbound_nodes.1.1.2,pipeline.CreateNNModelTask.model.layers.399.inbound_nodes.1.1.3,pipeline.CreateNNModelTask.model.layers.400.class_name,pipeline.CreateNNModelTask.model.layers.400.config.name,pipeline.CreateNNModelTask.model.layers.400.config.trainable,pipeline.CreateNNModelTask.model.layers.400.config.dtype,pipeline.CreateNNModelTask.model.layers.400.config.filters,pipeline.CreateNNModelTask.model.layers.400.config.kernel_size.1,pipeline.CreateNNModelTask.model.layers.400.config.kernel_size.2,pipeline.CreateNNModelTask.model.layers.400.config.strides.1,pipeline.CreateNNModelTask.model.layers.400.config.strides.2,pipeline.CreateNNModelTask.model.layers.400.config.padding,pipeline.CreateNNModelTask.model.layers.400.config.data_format,pipeline.CreateNNModelTask.model.layers.400.config.dilation_rate.1,pipeline.CreateNNModelTask.model.layers.400.config.dilation_rate.2,pipeline.CreateNNModelTask.model.layers.400.config.groups,pipeline.CreateNNModelTask.model.layers.400.config.activation,pipeline.CreateNNModelTask.model.layers.400.config.use_bias,pipeline.CreateNNModelTask.model.layers.400.config.kernel_initializer.class_name,pipeline.CreateNNModelTask.model.layers.400.config.bias_initializer.class_name,pipeline.CreateNNModelTask.model.layers.400.name,pipeline.CreateNNModelTask.model.layers.400.inbound_nodes.1.1.1,pipeline.CreateNNModelTask.model.layers.400.inbound_nodes.1.1.2,pipeline.CreateNNModelTask.model.layers.400.inbound_nodes.1.1.3,pipeline.CreateNNModelTask.model.layers.401.class_name,pipeline.CreateNNModelTask.model.layers.401.config.name,pipeline.CreateNNModelTask.model.layers.401.config.trainable,pipeline.CreateNNModelTask.model.layers.401.config.dtype,pipeline.CreateNNModelTask.model.layers.401.config.axis.1,pipeline.CreateNNModelTask.model.layers.401.config.momentum,pipeline.CreateNNModelTask.model.layers.401.config.epsilon,pipeline.CreateNNModelTask.model.layers.401.config.center,pipeline.CreateNNModelTask.model.layers.401.config.scale,pipeline.CreateNNModelTask.model.layers.401.config.beta_initializer.class_name,pipeline.CreateNNModelTask.model.layers.401.config.gamma_initializer.class_name,pipeline.CreateNNModelTask.model.layers.401.config.moving_mean_initializer.class_name,pipeline.CreateNNModelTask.model.layers.401.config.moving_variance_initializer.class_name,pipeline.CreateNNModelTask.model.layers.401.name,pipeline.CreateNNModelTask.model.layers.401.inbound_nodes.1.1.1,pipeline.CreateNNModelTask.model.layers.401.inbound_nodes.1.1.2,pipeline.CreateNNModelTask.model.layers.401.inbound_nodes.1.1.3,pipeline.CreateNNModelTask.model.layers.402.class_name,pipeline.CreateNNModelTask.model.layers.402.config.name,pipeline.CreateNNModelTask.model.layers.402.config.trainable,pipeline.CreateNNModelTask.model.layers.402.config.dtype,pipeline.CreateNNModelTask.model.layers.402.config.activation,pipeline.CreateNNModelTask.model.layers.402.name,pipeline.CreateNNModelTask.model.layers.402.inbound_nodes.1.1.1,pipeline.CreateNNModelTask.model.layers.402.inbound_nodes.1.1.2,pipeline.CreateNNModelTask.model.layers.402.inbound_nodes.1.1.3,pipeline.CreateNNModelTask.model.layers.403.class_name,pipeline.CreateNNModelTask.model.layers.403.config.name,pipeline.CreateNNModelTask.model.layers.403.config.trainable,pipeline.CreateNNModelTask.model.layers.403.config.dtype,pipeline.CreateNNModelTask.model.layers.403.config.filters,pipeline.CreateNNModelTask.model.layers.403.config.kernel_size.1,pipeline.CreateNNModelTask.model.layers.403.config.kernel_size.2,pipeline.CreateNNModelTask.model.layers.403.config.strides.1,pipeline.CreateNNModelTask.model.layers.403.config.strides.2,pipeline.CreateNNModelTask.model.layers.403.config.padding,pipeline.CreateNNModelTask.model.layers.403.config.data_format,pipeline.CreateNNModelTask.model.layers.403.config.dilation_rate.1,pipeline.CreateNNModelTask.model.layers.403.config.dilation_rate.2,pipeline.CreateNNModelTask.model.layers.403.config.groups,pipeline.CreateNNModelTask.model.layers.403.config.activation,pipeline.CreateNNModelTask.model.layers.403.config.use_bias,pipeline.CreateNNModelTask.model.layers.403.config.kernel_initializer.class_name,pipeline.CreateNNModelTask.model.layers.403.config.bias_initializer.class_name,pipeline.CreateNNModelTask.model.layers.403.name,pipeline.CreateNNModelTask.model.layers.403.inbound_nodes.1.1.1,pipeline.CreateNNModelTask.model.layers.403.inbound_nodes.1.1.2,pipeline.CreateNNModelTask.model.layers.403.inbound_nodes.1.1.3,pipeline.CreateNNModelTask.model.layers.404.class_name,pipeline.CreateNNModelTask.model.layers.404.config.name,pipeline.CreateNNModelTask.model.layers.404.config.trainable,pipeline.CreateNNModelTask.model.layers.404.config.dtype,pipeline.CreateNNModelTask.model.layers.404.config.axis,pipeline.CreateNNModelTask.model.layers.404.name,pipeline.CreateNNModelTask.model.layers.404.inbound_nodes.1.1.1,pipeline.CreateNNModelTask.model.layers.404.inbound_nodes.1.1.2,pipeline.CreateNNModelTask.model.layers.404.inbound_nodes.1.1.3,pipeline.CreateNNModelTask.model.layers.404.inbound_nodes.1.2.1,pipeline.CreateNNModelTask.model.layers.404.inbound_nodes.1.2.2,pipeline.CreateNNModelTask.model.layers.404.inbound_nodes.1.2.3,pipeline.CreateNNModelTask.model.layers.405.class_name,pipeline.CreateNNModelTask.model.layers.405.config.name,pipeline.CreateNNModelTask.model.layers.405.config.trainable,pipeline.CreateNNModelTask.model.layers.405.config.dtype,pipeline.CreateNNModelTask.model.layers.405.config.axis.1,pipeline.CreateNNModelTask.model.layers.405.config.momentum,pipeline.CreateNNModelTask.model.layers.405.config.epsilon,pipeline.CreateNNModelTask.model.layers.405.config.center,pipeline.CreateNNModelTask.model.layers.405.config.scale,pipeline.CreateNNModelTask.model.layers.405.config.beta_initializer.class_name,pipeline.CreateNNModelTask.model.layers.405.config.gamma_initializer.class_name,pipeline.CreateNNModelTask.model.layers.405.config.moving_mean_initializer.class_name,pipeline.CreateNNModelTask.model.layers.405.config.moving_variance_initializer.class_name,pipeline.CreateNNModelTask.model.layers.405.name,pipeline.CreateNNModelTask.model.layers.405.inbound_nodes.1.1.1,pipeline.CreateNNModelTask.model.layers.405.inbound_nodes.1.1.2,pipeline.CreateNNModelTask.model.layers.405.inbound_nodes.1.1.3,pipeline.CreateNNModelTask.model.layers.406.class_name,pipeline.CreateNNModelTask.model.layers.406.config.name,pipeline.CreateNNModelTask.model.layers.406.config.trainable,pipeline.CreateNNModelTask.model.layers.406.config.dtype,pipeline.CreateNNModelTask.model.layers.406.config.activation,pipeline.CreateNNModelTask.model.layers.406.name,pipeline.CreateNNModelTask.model.layers.406.inbound_nodes.1.1.1,pipeline.CreateNNModelTask.model.layers.406.inbound_nodes.1.1.2,pipeline.CreateNNModelTask.model.layers.406.inbound_nodes.1.1.3,pipeline.CreateNNModelTask.model.layers.407.class_name,pipeline.CreateNNModelTask.model.layers.407.config.name,pipeline.CreateNNModelTask.model.layers.407.config.trainable,pipeline.CreateNNModelTask.model.layers.407.config.dtype,pipeline.CreateNNModelTask.model.layers.407.config.filters,pipeline.CreateNNModelTask.model.layers.407.config.kernel_size.1,pipeline.CreateNNModelTask.model.layers.407.config.kernel_size.2,pipeline.CreateNNModelTask.model.layers.407.config.strides.1,pipeline.CreateNNModelTask.model.layers.407.config.strides.2,pipeline.CreateNNModelTask.model.layers.407.config.padding,pipeline.CreateNNModelTask.model.layers.407.config.data_format,pipeline.CreateNNModelTask.model.layers.407.config.dilation_rate.1,pipeline.CreateNNModelTask.model.layers.407.config.dilation_rate.2,pipeline.CreateNNModelTask.model.layers.407.config.groups,pipeline.CreateNNModelTask.model.layers.407.config.activation,pipeline.CreateNNModelTask.model.layers.407.config.use_bias,pipeline.CreateNNModelTask.model.layers.407.config.kernel_initializer.class_name,pipeline.CreateNNModelTask.model.layers.407.config.bias_initializer.class_name,pipeline.CreateNNModelTask.model.layers.407.name,pipeline.CreateNNModelTask.model.layers.407.inbound_nodes.1.1.1,pipeline.CreateNNModelTask.model.layers.407.inbound_nodes.1.1.2,pipeline.CreateNNModelTask.model.layers.407.inbound_nodes.1.1.3,pipeline.CreateNNModelTask.model.layers.408.class_name,pipeline.CreateNNModelTask.model.layers.408.config.name,pipeline.CreateNNModelTask.model.layers.408.config.trainable,pipeline.CreateNNModelTask.model.layers.408.config.dtype,pipeline.CreateNNModelTask.model.layers.408.config.axis.1,pipeline.CreateNNModelTask.model.layers.408.config.momentum,pipeline.CreateNNModelTask.model.layers.408.config.epsilon,pipeline.CreateNNModelTask.model.layers.408.config.center,pipeline.CreateNNModelTask.model.layers.408.config.scale,pipeline.CreateNNModelTask.model.layers.408.config.beta_initializer.class_name,pipeline.CreateNNModelTask.model.layers.408.config.gamma_initializer.class_name,pipeline.CreateNNModelTask.model.layers.408.config.moving_mean_initializer.class_name,pipeline.CreateNNModelTask.model.layers.408.config.moving_variance_initializer.class_name,pipeline.CreateNNModelTask.model.layers.408.name,pipeline.CreateNNModelTask.model.layers.408.inbound_nodes.1.1.1,pipeline.CreateNNModelTask.model.layers.408.inbound_nodes.1.1.2,pipeline.CreateNNModelTask.model.layers.408.inbound_nodes.1.1.3,pipeline.CreateNNModelTask.model.layers.409.class_name,pipeline.CreateNNModelTask.model.layers.409.config.name,pipeline.CreateNNModelTask.model.layers.409.config.trainable,pipeline.CreateNNModelTask.model.layers.409.config.dtype,pipeline.CreateNNModelTask.model.layers.409.config.activation,pipeline.CreateNNModelTask.model.layers.409.name,pipeline.CreateNNModelTask.model.layers.409.inbound_nodes.1.1.1,pipeline.CreateNNModelTask.model.layers.409.inbound_nodes.1.1.2,pipeline.CreateNNModelTask.model.layers.409.inbound_nodes.1.1.3,pipeline.CreateNNModelTask.model.layers.410.class_name,pipeline.CreateNNModelTask.model.layers.410.config.name,pipeline.CreateNNModelTask.model.layers.410.config.trainable,pipeline.CreateNNModelTask.model.layers.410.config.dtype,pipeline.CreateNNModelTask.model.layers.410.config.filters,pipeline.CreateNNModelTask.model.layers.410.config.kernel_size.1,pipeline.CreateNNModelTask.model.layers.410.config.kernel_size.2,pipeline.CreateNNModelTask.model.layers.410.config.strides.1,pipeline.CreateNNModelTask.model.layers.410.config.strides.2,pipeline.CreateNNModelTask.model.layers.410.config.padding,pipeline.CreateNNModelTask.model.layers.410.config.data_format,pipeline.CreateNNModelTask.model.layers.410.config.dilation_rate.1,pipeline.CreateNNModelTask.model.layers.410.config.dilation_rate.2,pipeline.CreateNNModelTask.model.layers.410.config.groups,pipeline.CreateNNModelTask.model.layers.410.config.activation,pipeline.CreateNNModelTask.model.layers.410.config.use_bias,pipeline.CreateNNModelTask.model.layers.410.config.kernel_initializer.class_name,pipeline.CreateNNModelTask.model.layers.410.config.bias_initializer.class_name,pipeline.CreateNNModelTask.model.layers.410.name,pipeline.CreateNNModelTask.model.layers.410.inbound_nodes.1.1.1,pipeline.CreateNNModelTask.model.layers.410.inbound_nodes.1.1.2,pipeline.CreateNNModelTask.model.layers.410.inbound_nodes.1.1.3,pipeline.CreateNNModelTask.model.layers.411.class_name,pipeline.CreateNNModelTask.model.layers.411.config.name,pipeline.CreateNNModelTask.model.layers.411.config.trainable,pipeline.CreateNNModelTask.model.layers.411.config.dtype,pipeline.CreateNNModelTask.model.layers.411.config.axis,pipeline.CreateNNModelTask.model.layers.411.name,pipeline.CreateNNModelTask.model.layers.411.inbound_nodes.1.1.1,pipeline.CreateNNModelTask.model.layers.411.inbound_nodes.1.1.2,pipeline.CreateNNModelTask.model.layers.411.inbound_nodes.1.1.3,pipeline.CreateNNModelTask.model.layers.411.inbound_nodes.1.2.1,pipeline.CreateNNModelTask.model.layers.411.inbound_nodes.1.2.2,pipeline.CreateNNModelTask.model.layers.411.inbound_nodes.1.2.3,pipeline.CreateNNModelTask.model.layers.412.class_name,pipeline.CreateNNModelTask.model.layers.412.config.name,pipeline.CreateNNModelTask.model.layers.412.config.trainable,pipeline.CreateNNModelTask.model.layers.412.config.dtype,pipeline.CreateNNModelTask.model.layers.412.config.axis.1,pipeline.CreateNNModelTask.model.layers.412.config.momentum,pipeline.CreateNNModelTask.model.layers.412.config.epsilon,pipeline.CreateNNModelTask.model.layers.412.config.center,pipeline.CreateNNModelTask.model.layers.412.config.scale,pipeline.CreateNNModelTask.model.layers.412.config.beta_initializer.class_name,pipeline.CreateNNModelTask.model.layers.412.config.gamma_initializer.class_name,pipeline.CreateNNModelTask.model.layers.412.config.moving_mean_initializer.class_name,pipeline.CreateNNModelTask.model.layers.412.config.moving_variance_initializer.class_name,pipeline.CreateNNModelTask.model.layers.412.name,pipeline.CreateNNModelTask.model.layers.412.inbound_nodes.1.1.1,pipeline.CreateNNModelTask.model.layers.412.inbound_nodes.1.1.2,pipeline.CreateNNModelTask.model.layers.412.inbound_nodes.1.1.3,pipeline.CreateNNModelTask.model.layers.413.class_name,pipeline.CreateNNModelTask.model.layers.413.config.name,pipeline.CreateNNModelTask.model.layers.413.config.trainable,pipeline.CreateNNModelTask.model.layers.413.config.dtype,pipeline.CreateNNModelTask.model.layers.413.config.activation,pipeline.CreateNNModelTask.model.layers.413.name,pipeline.CreateNNModelTask.model.layers.413.inbound_nodes.1.1.1,pipeline.CreateNNModelTask.model.layers.413.inbound_nodes.1.1.2,pipeline.CreateNNModelTask.model.layers.413.inbound_nodes.1.1.3,pipeline.CreateNNModelTask.model.layers.414.class_name,pipeline.CreateNNModelTask.model.layers.414.config.name,pipeline.CreateNNModelTask.model.layers.414.config.trainable,pipeline.CreateNNModelTask.model.layers.414.config.dtype,pipeline.CreateNNModelTask.model.layers.414.config.filters,pipeline.CreateNNModelTask.model.layers.414.config.kernel_size.1,pipeline.CreateNNModelTask.model.layers.414.config.kernel_size.2,pipeline.CreateNNModelTask.model.layers.414.config.strides.1,pipeline.CreateNNModelTask.model.layers.414.config.strides.2,pipeline.CreateNNModelTask.model.layers.414.config.padding,pipeline.CreateNNModelTask.model.layers.414.config.data_format,pipeline.CreateNNModelTask.model.layers.414.config.dilation_rate.1,pipeline.CreateNNModelTask.model.layers.414.config.dilation_rate.2,pipeline.CreateNNModelTask.model.layers.414.config.groups,pipeline.CreateNNModelTask.model.layers.414.config.activation,pipeline.CreateNNModelTask.model.layers.414.config.use_bias,pipeline.CreateNNModelTask.model.layers.414.config.kernel_initializer.class_name,pipeline.CreateNNModelTask.model.layers.414.config.bias_initializer.class_name,pipeline.CreateNNModelTask.model.layers.414.name,pipeline.CreateNNModelTask.model.layers.414.inbound_nodes.1.1.1,pipeline.CreateNNModelTask.model.layers.414.inbound_nodes.1.1.2,pipeline.CreateNNModelTask.model.layers.414.inbound_nodes.1.1.3,pipeline.CreateNNModelTask.model.layers.415.class_name,pipeline.CreateNNModelTask.model.layers.415.config.name,pipeline.CreateNNModelTask.model.layers.415.config.trainable,pipeline.CreateNNModelTask.model.layers.415.config.dtype,pipeline.CreateNNModelTask.model.layers.415.config.axis.1,pipeline.CreateNNModelTask.model.layers.415.config.momentum,pipeline.CreateNNModelTask.model.layers.415.config.epsilon,pipeline.CreateNNModelTask.model.layers.415.config.center,pipeline.CreateNNModelTask.model.layers.415.config.scale,pipeline.CreateNNModelTask.model.layers.415.config.beta_initializer.class_name,pipeline.CreateNNModelTask.model.layers.415.config.gamma_initializer.class_name,pipeline.CreateNNModelTask.model.layers.415.config.moving_mean_initializer.class_name,pipeline.CreateNNModelTask.model.layers.415.config.moving_variance_initializer.class_name,pipeline.CreateNNModelTask.model.layers.415.name,pipeline.CreateNNModelTask.model.layers.415.inbound_nodes.1.1.1,pipeline.CreateNNModelTask.model.layers.415.inbound_nodes.1.1.2,pipeline.CreateNNModelTask.model.layers.415.inbound_nodes.1.1.3,pipeline.CreateNNModelTask.model.layers.416.class_name,pipeline.CreateNNModelTask.model.layers.416.config.name,pipeline.CreateNNModelTask.model.layers.416.config.trainable,pipeline.CreateNNModelTask.model.layers.416.config.dtype,pipeline.CreateNNModelTask.model.layers.416.config.activation,pipeline.CreateNNModelTask.model.layers.416.name,pipeline.CreateNNModelTask.model.layers.416.inbound_nodes.1.1.1,pipeline.CreateNNModelTask.model.layers.416.inbound_nodes.1.1.2,pipeline.CreateNNModelTask.model.layers.416.inbound_nodes.1.1.3,pipeline.CreateNNModelTask.model.layers.417.class_name,pipeline.CreateNNModelTask.model.layers.417.config.name,pipeline.CreateNNModelTask.model.layers.417.config.trainable,pipeline.CreateNNModelTask.model.layers.417.config.dtype,pipeline.CreateNNModelTask.model.layers.417.config.filters,pipeline.CreateNNModelTask.model.layers.417.config.kernel_size.1,pipeline.CreateNNModelTask.model.layers.417.config.kernel_size.2,pipeline.CreateNNModelTask.model.layers.417.config.strides.1,pipeline.CreateNNModelTask.model.layers.417.config.strides.2,pipeline.CreateNNModelTask.model.layers.417.config.padding,pipeline.CreateNNModelTask.model.layers.417.config.data_format,pipeline.CreateNNModelTask.model.layers.417.config.dilation_rate.1,pipeline.CreateNNModelTask.model.layers.417.config.dilation_rate.2,pipeline.CreateNNModelTask.model.layers.417.config.groups,pipeline.CreateNNModelTask.model.layers.417.config.activation,pipeline.CreateNNModelTask.model.layers.417.config.use_bias,pipeline.CreateNNModelTask.model.layers.417.config.kernel_initializer.class_name,pipeline.CreateNNModelTask.model.layers.417.config.bias_initializer.class_name,pipeline.CreateNNModelTask.model.layers.417.name,pipeline.CreateNNModelTask.model.layers.417.inbound_nodes.1.1.1,pipeline.CreateNNModelTask.model.layers.417.inbound_nodes.1.1.2,pipeline.CreateNNModelTask.model.layers.417.inbound_nodes.1.1.3,pipeline.CreateNNModelTask.model.layers.418.class_name,pipeline.CreateNNModelTask.model.layers.418.config.name,pipeline.CreateNNModelTask.model.layers.418.config.trainable,pipeline.CreateNNModelTask.model.layers.418.config.dtype,pipeline.CreateNNModelTask.model.layers.418.config.axis,pipeline.CreateNNModelTask.model.layers.418.name,pipeline.CreateNNModelTask.model.layers.418.inbound_nodes.1.1.1,pipeline.CreateNNModelTask.model.layers.418.inbound_nodes.1.1.2,pipeline.CreateNNModelTask.model.layers.418.inbound_nodes.1.1.3,pipeline.CreateNNModelTask.model.layers.418.inbound_nodes.1.2.1,pipeline.CreateNNModelTask.model.layers.418.inbound_nodes.1.2.2,pipeline.CreateNNModelTask.model.layers.418.inbound_nodes.1.2.3,pipeline.CreateNNModelTask.model.layers.419.class_name,pipeline.CreateNNModelTask.model.layers.419.config.name,pipeline.CreateNNModelTask.model.layers.419.config.trainable,pipeline.CreateNNModelTask.model.layers.419.config.dtype,pipeline.CreateNNModelTask.model.layers.419.config.axis.1,pipeline.CreateNNModelTask.model.layers.419.config.momentum,pipeline.CreateNNModelTask.model.layers.419.config.epsilon,pipeline.CreateNNModelTask.model.layers.419.config.center,pipeline.CreateNNModelTask.model.layers.419.config.scale,pipeline.CreateNNModelTask.model.layers.419.config.beta_initializer.class_name,pipeline.CreateNNModelTask.model.layers.419.config.gamma_initializer.class_name,pipeline.CreateNNModelTask.model.layers.419.config.moving_mean_initializer.class_name,pipeline.CreateNNModelTask.model.layers.419.config.moving_variance_initializer.class_name,pipeline.CreateNNModelTask.model.layers.419.name,pipeline.CreateNNModelTask.model.layers.419.inbound_nodes.1.1.1,pipeline.CreateNNModelTask.model.layers.419.inbound_nodes.1.1.2,pipeline.CreateNNModelTask.model.layers.419.inbound_nodes.1.1.3,pipeline.CreateNNModelTask.model.layers.420.class_name,pipeline.CreateNNModelTask.model.layers.420.config.name,pipeline.CreateNNModelTask.model.layers.420.config.trainable,pipeline.CreateNNModelTask.model.layers.420.config.dtype,pipeline.CreateNNModelTask.model.layers.420.config.activation,pipeline.CreateNNModelTask.model.layers.420.name,pipeline.CreateNNModelTask.model.layers.420.inbound_nodes.1.1.1,pipeline.CreateNNModelTask.model.layers.420.inbound_nodes.1.1.2,pipeline.CreateNNModelTask.model.layers.420.inbound_nodes.1.1.3,pipeline.CreateNNModelTask.model.layers.421.class_name,pipeline.CreateNNModelTask.model.layers.421.config.name,pipeline.CreateNNModelTask.model.layers.421.config.trainable,pipeline.CreateNNModelTask.model.layers.421.config.dtype,pipeline.CreateNNModelTask.model.layers.421.config.filters,pipeline.CreateNNModelTask.model.layers.421.config.kernel_size.1,pipeline.CreateNNModelTask.model.layers.421.config.kernel_size.2,pipeline.CreateNNModelTask.model.layers.421.config.strides.1,pipeline.CreateNNModelTask.model.layers.421.config.strides.2,pipeline.CreateNNModelTask.model.layers.421.config.padding,pipeline.CreateNNModelTask.model.layers.421.config.data_format,pipeline.CreateNNModelTask.model.layers.421.config.dilation_rate.1,pipeline.CreateNNModelTask.model.layers.421.config.dilation_rate.2,pipeline.CreateNNModelTask.model.layers.421.config.groups,pipeline.CreateNNModelTask.model.layers.421.config.activation,pipeline.CreateNNModelTask.model.layers.421.config.use_bias,pipeline.CreateNNModelTask.model.layers.421.config.kernel_initializer.class_name,pipeline.CreateNNModelTask.model.layers.421.config.bias_initializer.class_name,pipeline.CreateNNModelTask.model.layers.421.name,pipeline.CreateNNModelTask.model.layers.421.inbound_nodes.1.1.1,pipeline.CreateNNModelTask.model.layers.421.inbound_nodes.1.1.2,pipeline.CreateNNModelTask.model.layers.421.inbound_nodes.1.1.3,pipeline.CreateNNModelTask.model.layers.422.class_name,pipeline.CreateNNModelTask.model.layers.422.config.name,pipeline.CreateNNModelTask.model.layers.422.config.trainable,pipeline.CreateNNModelTask.model.layers.422.config.dtype,pipeline.CreateNNModelTask.model.layers.422.config.axis.1,pipeline.CreateNNModelTask.model.layers.422.config.momentum,pipeline.CreateNNModelTask.model.layers.422.config.epsilon,pipeline.CreateNNModelTask.model.layers.422.config.center,pipeline.CreateNNModelTask.model.layers.422.config.scale,pipeline.CreateNNModelTask.model.layers.422.config.beta_initializer.class_name,pipeline.CreateNNModelTask.model.layers.422.config.gamma_initializer.class_name,pipeline.CreateNNModelTask.model.layers.422.config.moving_mean_initializer.class_name,pipeline.CreateNNModelTask.model.layers.422.config.moving_variance_initializer.class_name,pipeline.CreateNNModelTask.model.layers.422.name,pipeline.CreateNNModelTask.model.layers.422.inbound_nodes.1.1.1,pipeline.CreateNNModelTask.model.layers.422.inbound_nodes.1.1.2,pipeline.CreateNNModelTask.model.layers.422.inbound_nodes.1.1.3,pipeline.CreateNNModelTask.model.layers.423.class_name,pipeline.CreateNNModelTask.model.layers.423.config.name,pipeline.CreateNNModelTask.model.layers.423.config.trainable,pipeline.CreateNNModelTask.model.layers.423.config.dtype,pipeline.CreateNNModelTask.model.layers.423.config.activation,pipeline.CreateNNModelTask.model.layers.423.name,pipeline.CreateNNModelTask.model.layers.423.inbound_nodes.1.1.1,pipeline.CreateNNModelTask.model.layers.423.inbound_nodes.1.1.2,pipeline.CreateNNModelTask.model.layers.423.inbound_nodes.1.1.3,pipeline.CreateNNModelTask.model.layers.424.class_name,pipeline.CreateNNModelTask.model.layers.424.config.name,pipeline.CreateNNModelTask.model.layers.424.config.trainable,pipeline.CreateNNModelTask.model.layers.424.config.dtype,pipeline.CreateNNModelTask.model.layers.424.config.filters,pipeline.CreateNNModelTask.model.layers.424.config.kernel_size.1,pipeline.CreateNNModelTask.model.layers.424.config.kernel_size.2,pipeline.CreateNNModelTask.model.layers.424.config.strides.1,pipeline.CreateNNModelTask.model.layers.424.config.strides.2,pipeline.CreateNNModelTask.model.layers.424.config.padding,pipeline.CreateNNModelTask.model.layers.424.config.data_format,pipeline.CreateNNModelTask.model.layers.424.config.dilation_rate.1,pipeline.CreateNNModelTask.model.layers.424.config.dilation_rate.2,pipeline.CreateNNModelTask.model.layers.424.config.groups,pipeline.CreateNNModelTask.model.layers.424.config.activation,pipeline.CreateNNModelTask.model.layers.424.config.use_bias,pipeline.CreateNNModelTask.model.layers.424.config.kernel_initializer.class_name,pipeline.CreateNNModelTask.model.layers.424.config.bias_initializer.class_name,pipeline.CreateNNModelTask.model.layers.424.name,pipeline.CreateNNModelTask.model.layers.424.inbound_nodes.1.1.1,pipeline.CreateNNModelTask.model.layers.424.inbound_nodes.1.1.2,pipeline.CreateNNModelTask.model.layers.424.inbound_nodes.1.1.3,pipeline.CreateNNModelTask.model.layers.425.class_name,pipeline.CreateNNModelTask.model.layers.425.config.name,pipeline.CreateNNModelTask.model.layers.425.config.trainable,pipeline.CreateNNModelTask.model.layers.425.config.dtype,pipeline.CreateNNModelTask.model.layers.425.config.axis,pipeline.CreateNNModelTask.model.layers.425.name,pipeline.CreateNNModelTask.model.layers.425.inbound_nodes.1.1.1,pipeline.CreateNNModelTask.model.layers.425.inbound_nodes.1.1.2,pipeline.CreateNNModelTask.model.layers.425.inbound_nodes.1.1.3,pipeline.CreateNNModelTask.model.layers.425.inbound_nodes.1.2.1,pipeline.CreateNNModelTask.model.layers.425.inbound_nodes.1.2.2,pipeline.CreateNNModelTask.model.layers.425.inbound_nodes.1.2.3,pipeline.CreateNNModelTask.model.layers.426.class_name,pipeline.CreateNNModelTask.model.layers.426.config.name,pipeline.CreateNNModelTask.model.layers.426.config.trainable,pipeline.CreateNNModelTask.model.layers.426.config.dtype,pipeline.CreateNNModelTask.model.layers.426.config.axis.1,pipeline.CreateNNModelTask.model.layers.426.config.momentum,pipeline.CreateNNModelTask.model.layers.426.config.epsilon,pipeline.CreateNNModelTask.model.layers.426.config.center,pipeline.CreateNNModelTask.model.layers.426.config.scale,pipeline.CreateNNModelTask.model.layers.426.config.beta_initializer.class_name,pipeline.CreateNNModelTask.model.layers.426.config.gamma_initializer.class_name,pipeline.CreateNNModelTask.model.layers.426.config.moving_mean_initializer.class_name,pipeline.CreateNNModelTask.model.layers.426.config.moving_variance_initializer.class_name,pipeline.CreateNNModelTask.model.layers.426.name,pipeline.CreateNNModelTask.model.layers.426.inbound_nodes.1.1.1,pipeline.CreateNNModelTask.model.layers.426.inbound_nodes.1.1.2,pipeline.CreateNNModelTask.model.layers.426.inbound_nodes.1.1.3,pipeline.CreateNNModelTask.model.layers.427.class_name,pipeline.CreateNNModelTask.model.layers.427.config.name,pipeline.CreateNNModelTask.model.layers.427.config.trainable,pipeline.CreateNNModelTask.model.layers.427.config.dtype,pipeline.CreateNNModelTask.model.layers.427.config.activation,pipeline.CreateNNModelTask.model.layers.427.name,pipeline.CreateNNModelTask.model.layers.427.inbound_nodes.1.1.1,pipeline.CreateNNModelTask.model.layers.427.inbound_nodes.1.1.2,pipeline.CreateNNModelTask.model.layers.427.inbound_nodes.1.1.3,pipeline.CreateNNModelTask.model.layers.428.class_name,pipeline.CreateNNModelTask.model.layers.428.config.name,pipeline.CreateNNModelTask.model.layers.428.config.trainable,pipeline.CreateNNModelTask.model.layers.428.config.dtype,pipeline.CreateNNModelTask.model.layers.428.config.data_format,pipeline.CreateNNModelTask.model.layers.428.name,pipeline.CreateNNModelTask.model.layers.428.inbound_nodes.1.1.1,pipeline.CreateNNModelTask.model.layers.428.inbound_nodes.1.1.2,pipeline.CreateNNModelTask.model.layers.428.inbound_nodes.1.1.3,pipeline.CreateNNModelTask.model.layers.429.class_name,pipeline.CreateNNModelTask.model.layers.429.config.name,pipeline.CreateNNModelTask.model.layers.429.config.trainable,pipeline.CreateNNModelTask.model.layers.429.config.dtype,pipeline.CreateNNModelTask.model.layers.429.config.units,pipeline.CreateNNModelTask.model.layers.429.config.activation,pipeline.CreateNNModelTask.model.layers.429.config.use_bias,pipeline.CreateNNModelTask.model.layers.429.config.kernel_initializer.class_name,pipeline.CreateNNModelTask.model.layers.429.config.bias_initializer.class_name,pipeline.CreateNNModelTask.model.layers.429.name,pipeline.CreateNNModelTask.model.layers.429.inbound_nodes.1.1.1,pipeline.CreateNNModelTask.model.layers.429.inbound_nodes.1.1.2,pipeline.CreateNNModelTask.model.layers.429.inbound_nodes.1.1.3,pipeline.CreateNNModelTask.model.layers.430.class_name,pipeline.CreateNNModelTask.model.layers.430.config.name,pipeline.CreateNNModelTask.model.layers.430.config.trainable,pipeline.CreateNNModelTask.model.layers.430.config.dtype,pipeline.CreateNNModelTask.model.layers.430.config.rate,pipeline.CreateNNModelTask.model.layers.430.name,pipeline.CreateNNModelTask.model.layers.430.inbound_nodes.1.1.1,pipeline.CreateNNModelTask.model.layers.430.inbound_nodes.1.1.2,pipeline.CreateNNModelTask.model.layers.430.inbound_nodes.1.1.3,pipeline.CreateNNModelTask.model.layers.431.class_name,pipeline.CreateNNModelTask.model.layers.431.config.name,pipeline.CreateNNModelTask.model.layers.431.config.trainable,pipeline.CreateNNModelTask.model.layers.431.config.dtype,pipeline.CreateNNModelTask.model.layers.431.config.units,pipeline.CreateNNModelTask.model.layers.431.config.activation,pipeline.CreateNNModelTask.model.layers.431.config.use_bias,pipeline.CreateNNModelTask.model.layers.431.config.kernel_initializer.class_name,pipeline.CreateNNModelTask.model.layers.431.config.bias_initializer.class_name,pipeline.CreateNNModelTask.model.layers.431.name,pipeline.CreateNNModelTask.model.layers.431.inbound_nodes.1.1.1,pipeline.CreateNNModelTask.model.layers.431.inbound_nodes.1.1.2,pipeline.CreateNNModelTask.model.layers.431.inbound_nodes.1.1.3,pipeline.CreateNNModelTask.model.input_layers.1.1,pipeline.CreateNNModelTask.model.input_layers.1.2,pipeline.CreateNNModelTask.model.input_layers.1.3,pipeline.CreateNNModelTask.model.output_layers.1.1,pipeline.CreateNNModelTask.model.output_layers.1.2,pipeline.CreateNNModelTask.model.output_layers.1.3,pipeline.TrainNNModelTask,pipeline.TrainNNModelTask.epochs,pipeline.TrainNNModelTask.save_every,pipeline.RecognizeNNTask,pipeline.RecognizeNNTask.validate.AudioLoadTask,pipeline.RecognizeNNTask.validate.AudioLoadTask.mdb,pipeline.RecognizeNNTask.validate.AudioLoadTask.dataset_name,pipeline.RecognizeNNTask.validate.AudioLoadTask.source,pipeline.RecognizeNNTask.validate.DurationLengthFilter,pipeline.RecognizeNNTask.validate.DurationLengthFilter.min_duration_length,pipeline.RecognizeNNTask.validate.MinCountLabelFilter,pipeline.RecognizeNNTask.validate.MinCountLabelFilter.min_count,pipeline.RecognizeNNTask.validate.ExtractLabelPartsTask,pipeline.RecognizeNNTask.validate.ExtractLabelPartsTask.fixed_length,pipeline.RecognizeNNTask.validate.ExtractLabelPartsTask.padded_left,pipeline.RecognizeNNTask.validate.NoiseReduceTask,pipeline.RecognizeNNTask.validate.NoiseReduceTask.sensitivity,pipeline.RecognizeNNTask.validate.NoiseReduceTask.noise.AudioLoadTask,pipeline.RecognizeNNTask.validate.NoiseReduceTask.noise.AudioLoadTask.mdb,pipeline.RecognizeNNTask.validate.NoiseReduceTask.noise.AudioLoadTask.dataset_name,pipeline.RecognizeNNTask.validate.NoiseReduceTask.noise.AudioLoadTask.source,pipeline.RecognizeNNTask.validate.NoiseReduceTask.noise.DurationLengthFilter,pipeline.RecognizeNNTask.validate.NoiseReduceTask.noise.DurationLengthFilter.min_duration_length,pipeline.RecognizeNNTask.validate.NoiseReduceTask.noise.MinCountLabelFilter,pipeline.RecognizeNNTask.validate.NoiseReduceTask.noise.MinCountLabelFilter.min_count,pipeline.RecognizeNNTask.validate.NoiseReduceTask.noise.SilentAudioTask,pipeline.RecognizeNNTask.validate.NoiseReduceTask.noise.SilentAudioTask.max_length,pipeline.RecognizeNNTask.validate.NoiseReduceTask.noise.NoiseProfileTask,pipeline.RecognizeNNTask.validate.CreateSpectrogramTask,pipeline.RecognizeNNTask.validate.CreateSpectrogramTask.sampling_rate,pipeline.RecognizeNNTask.validate.CreateSpectrogramTask.width,pipeline.RecognizeNNTask.validate.CreateSpectrogramTask.window,pipeline.RecognizeNNTask.validate.ExtractHOGHWRecogTask,pipeline.RecognizeNNTask.validate.KFoldSeparationTask,pipeline.RecognizeNNTask.validate.KFoldSeparationTask.k,pipeline.RecognizeNNTask.validate.KFoldSeparationTask.val_bins,pipeline.RecognizeNNTask.validate.KFoldSeparationTask.test_bins,pipeline.RecognizeNNTask.validate.KFoldSeparationTask.n,pipeline.RecognizeNNTask.model_path,pipeline.ExtractionJSONTask
nn_densNet_sct_compressed_nrs24_hog_100/7292088f5dbad6d27b48f49abce1c91a4a11b1da/rec/rec_35f73d31ebd488b308c4293ad2bc0ad1141a05ac_e67.report,2020-12-29T22:05:46Z,0.7625,1.8247696408453962,61,19,80,17,3,10,13,7,4,12,8,1,19,1,4,Linux,Linux-3.10.0-1127.19.1.el7.x86_64-x86_64-with-glibc2.10,14.4.2,"openjdk version ""1.8.0_262""",OpenJDK Runtime Environment (build 1.8.0_262-b10),"OpenJDK 64-Bit Server VM (build 25.262-b10, mixed mode)",2.4.0,2.3.1,"device: 0, name: Tesla P100-PCIE-12GB, pci bus id: 0000:04:00.0, compute capability: 6.0",1,simple_call_test/metadata.json,simple_call_test,simple_call_test/audio,2,0.022,3,50,4,False,False,5,24,1,simple_call_test/metadata.json,simple_call_test,simple_call_test/audio,2,0.022,3,50,4,0.3,5,6,500000,100,Ham,7,8,8,1,2,3,9,densNet_sct_compressed_nrs24_hog_100,functional_1,InputLayer,43,288,1,float32,False,False,input_1,input_1,ZeroPadding2D,zero_padding2d,True,float32,3,3,3,3,channels_last,zero_padding2d,input_1,0,0,Conv2D,conv1/conv,True,float32,64,7,7,2,2,valid,channels_last,1,1,1,linear,False,GlorotUniform,Zeros,conv1/conv,zero_padding2d,0,0,BatchNormalization,conv1/bn,True,float32,3,0.99,1.001e-05,True,True,Zeros,Ones,Zeros,Ones,conv1/bn,conv1/conv,0,0,Activation,conv1/relu,True,float32,relu,conv1/relu,conv1/bn,0,0,ZeroPadding2D,zero_padding2d_1,True,float32,1,1,1,1,channels_last,zero_padding2d_1,conv1/relu,0,0,MaxPooling2D,pool1,True,float32,3,3,valid,2,2,channels_last,pool1,zero_padding2d_1,0,0,BatchNormalization,conv2_block1_0_bn,True,float32,3,0.99,1.001e-05,True,True,Zeros,Ones,Zeros,Ones,conv2_block1_0_bn,pool1,0,0,Activation,conv2_block1_0_relu,True,float32,relu,conv2_block1_0_relu,conv2_block1_0_bn,0,0,Conv2D,conv2_block1_1_conv,True,float32,128,1,1,1,1,valid,channels_last,1,1,1,linear,False,GlorotUniform,Zeros,conv2_block1_1_conv,conv2_block1_0_relu,0,0,BatchNormalization,conv2_block1_1_bn,True,float32,3,0.99,1.001e-05,True,True,Zeros,Ones,Zeros,Ones,conv2_block1_1_bn,conv2_block1_1_conv,0,0,Activation,conv2_block1_1_relu,True,float32,relu,conv2_block1_1_relu,conv2_block1_1_bn,0,0,Conv2D,conv2_block1_2_conv,True,float32,32,3,3,1,1,same,channels_last,1,1,1,linear,False,GlorotUniform,Zeros,conv2_block1_2_conv,conv2_block1_1_relu,0,0,Concatenate,conv2_block1_concat,True,float32,3,conv2_block1_concat,pool1,0,0,conv2_block1_2_conv,0,0,BatchNormalization,conv2_block2_0_bn,True,float32,3,0.99,1.001e-05,True,True,Zeros,Ones,Zeros,Ones,conv2_block2_0_bn,conv2_block1_concat,0,0,Activation,conv2_block2_0_relu,True,float32,relu,conv2_block2_0_relu,conv2_block2_0_bn,0,0,Conv2D,conv2_block2_1_conv,True,float32,128,1,1,1,1,valid,channels_last,1,1,1,linear,False,GlorotUniform,Zeros,conv2_block2_1_conv,conv2_block2_0_relu,0,0,BatchNormalization,conv2_block2_1_bn,True,float32,3,0.99,1.001e-05,True,True,Zeros,Ones,Zeros,Ones,conv2_block2_1_bn,conv2_block2_1_conv,0,0,Activation,conv2_block2_1_relu,True,float32,relu,conv2_block2_1_relu,conv2_block2_1_bn,0,0,Conv2D,conv2_block2_2_conv,True,float32,32,3,3,1,1,same,channels_last,1,1,1,linear,False,GlorotUniform,Zeros,conv2_block2_2_conv,conv2_block2_1_relu,0,0,Concatenate,conv2_block2_concat,True,float32,3,conv2_block2_concat,conv2_block1_concat,0,0,conv2_block2_2_conv,0,0,BatchNormalization,conv2_block3_0_bn,True,float32,3,0.99,1.001e-05,True,True,Zeros,Ones,Zeros,Ones,conv2_block3_0_bn,conv2_block2_concat,0,0,Activation,conv2_block3_0_relu,True,float32,relu,conv2_block3_0_relu,conv2_block3_0_bn,0,0,Conv2D,conv2_block3_1_conv,True,float32,128,1,1,1,1,valid,channels_last,1,1,1,linear,False,GlorotUniform,Zeros,conv2_block3_1_conv,conv2_block3_0_relu,0,0,BatchNormalization,conv2_block3_1_bn,True,float32,3,0.99,1.001e-05,True,True,Zeros,Ones,Zeros,Ones,conv2_block3_1_bn,conv2_block3_1_conv,0,0,Activation,conv2_block3_1_relu,True,float32,relu,conv2_block3_1_relu,conv2_block3_1_bn,0,0,Conv2D,conv2_block3_2_conv,True,float32,32,3,3,1,1,same,channels_last,1,1,1,linear,False,GlorotUniform,Zeros,conv2_block3_2_conv,conv2_block3_1_relu,0,0,Concatenate,conv2_block3_concat,True,float32,3,conv2_block3_concat,conv2_block2_concat,0,0,conv2_block3_2_conv,0,0,BatchNormalization,conv2_block4_0_bn,True,float32,3,0.99,1.001e-05,True,True,Zeros,Ones,Zeros,Ones,conv2_block4_0_bn,conv2_block3_concat,0,0,Activation,conv2_block4_0_relu,True,float32,relu,conv2_block4_0_relu,conv2_block4_0_bn,0,0,Conv2D,conv2_block4_1_conv,True,float32,128,1,1,1,1,valid,channels_last,1,1,1,linear,False,GlorotUniform,Zeros,conv2_block4_1_conv,conv2_block4_0_relu,0,0,BatchNormalization,conv2_block4_1_bn,True,float32,3,0.99,1.001e-05,True,True,Zeros,Ones,Zeros,Ones,conv2_block4_1_bn,conv2_block4_1_conv,0,0,Activation,conv2_block4_1_relu,True,float32,relu,conv2_block4_1_relu,conv2_block4_1_bn,0,0,Conv2D,conv2_block4_2_conv,True,float32,32,3,3,1,1,same,channels_last,1,1,1,linear,False,GlorotUniform,Zeros,conv2_block4_2_conv,conv2_block4_1_relu,0,0,Concatenate,conv2_block4_concat,True,float32,3,conv2_block4_concat,conv2_block3_concat,0,0,conv2_block4_2_conv,0,0,BatchNormalization,conv2_block5_0_bn,True,float32,3,0.99,1.001e-05,True,True,Zeros,Ones,Zeros,Ones,conv2_block5_0_bn,conv2_block4_concat,0,0,Activation,conv2_block5_0_relu,True,float32,relu,conv2_block5_0_relu,conv2_block5_0_bn,0,0,Conv2D,conv2_block5_1_conv,True,float32,128,1,1,1,1,valid,channels_last,1,1,1,linear,False,GlorotUniform,Zeros,conv2_block5_1_conv,conv2_block5_0_relu,0,0,BatchNormalization,conv2_block5_1_bn,True,float32,3,0.99,1.001e-05,True,True,Zeros,Ones,Zeros,Ones,conv2_block5_1_bn,conv2_block5_1_conv,0,0,Activation,conv2_block5_1_relu,True,float32,relu,conv2_block5_1_relu,conv2_block5_1_bn,0,0,Conv2D,conv2_block5_2_conv,True,float32,32,3,3,1,1,same,channels_last,1,1,1,linear,False,GlorotUniform,Zeros,conv2_block5_2_conv,conv2_block5_1_relu,0,0,Concatenate,conv2_block5_concat,True,float32,3,conv2_block5_concat,conv2_block4_concat,0,0,conv2_block5_2_conv,0,0,BatchNormalization,conv2_block6_0_bn,True,float32,3,0.99,1.001e-05,True,True,Zeros,Ones,Zeros,Ones,conv2_block6_0_bn,conv2_block5_concat,0,0,Activation,conv2_block6_0_relu,True,float32,relu,conv2_block6_0_relu,conv2_block6_0_bn,0,0,Conv2D,conv2_block6_1_conv,True,float32,128,1,1,1,1,valid,channels_last,1,1,1,linear,False,GlorotUniform,Zeros,conv2_block6_1_conv,conv2_block6_0_relu,0,0,BatchNormalization,conv2_block6_1_bn,True,float32,3,0.99,1.001e-05,True,True,Zeros,Ones,Zeros,Ones,conv2_block6_1_bn,conv2_block6_1_conv,0,0,Activation,conv2_block6_1_relu,True,float32,relu,conv2_block6_1_relu,conv2_block6_1_bn,0,0,Conv2D,conv2_block6_2_conv,True,float32,32,3,3,1,1,same,channels_last,1,1,1,linear,False,GlorotUniform,Zeros,conv2_block6_2_conv,conv2_block6_1_relu,0,0,Concatenate,conv2_block6_concat,True,float32,3,conv2_block6_concat,conv2_block5_concat,0,0,conv2_block6_2_conv,0,0,BatchNormalization,pool2_bn,True,float32,3,0.99,1.001e-05,True,True,Zeros,Ones,Zeros,Ones,pool2_bn,conv2_block6_concat,0,0,Activation,pool2_relu,True,float32,relu,pool2_relu,pool2_bn,0,0,Conv2D,pool2_conv,True,float32,128,1,1,1,1,valid,channels_last,1,1,1,linear,False,GlorotUniform,Zeros,pool2_conv,pool2_relu,0,0,AveragePooling2D,pool2_pool,True,float32,2,2,valid,2,2,channels_last,pool2_pool,pool2_conv,0,0,BatchNormalization,conv3_block1_0_bn,True,float32,3,0.99,1.001e-05,True,True,Zeros,Ones,Zeros,Ones,conv3_block1_0_bn,pool2_pool,0,0,Activation,conv3_block1_0_relu,True,float32,relu,conv3_block1_0_relu,conv3_block1_0_bn,0,0,Conv2D,conv3_block1_1_conv,True,float32,128,1,1,1,1,valid,channels_last,1,1,1,linear,False,GlorotUniform,Zeros,conv3_block1_1_conv,conv3_block1_0_relu,0,0,BatchNormalization,conv3_block1_1_bn,True,float32,3,0.99,1.001e-05,True,True,Zeros,Ones,Zeros,Ones,conv3_block1_1_bn,conv3_block1_1_conv,0,0,Activation,conv3_block1_1_relu,True,float32,relu,conv3_block1_1_relu,conv3_block1_1_bn,0,0,Conv2D,conv3_block1_2_conv,True,float32,32,3,3,1,1,same,channels_last,1,1,1,linear,False,GlorotUniform,Zeros,conv3_block1_2_conv,conv3_block1_1_relu,0,0,Concatenate,conv3_block1_concat,True,float32,3,conv3_block1_concat,pool2_pool,0,0,conv3_block1_2_conv,0,0,BatchNormalization,conv3_block2_0_bn,True,float32,3,0.99,1.001e-05,True,True,Zeros,Ones,Zeros,Ones,conv3_block2_0_bn,conv3_block1_concat,0,0,Activation,conv3_block2_0_relu,True,float32,relu,conv3_block2_0_relu,conv3_block2_0_bn,0,0,Conv2D,conv3_block2_1_conv,True,float32,128,1,1,1,1,valid,channels_last,1,1,1,linear,False,GlorotUniform,Zeros,conv3_block2_1_conv,conv3_block2_0_relu,0,0,BatchNormalization,conv3_block2_1_bn,True,float32,3,0.99,1.001e-05,True,True,Zeros,Ones,Zeros,Ones,conv3_block2_1_bn,conv3_block2_1_conv,0,0,Activation,conv3_block2_1_relu,True,float32,relu,conv3_block2_1_relu,conv3_block2_1_bn,0,0,Conv2D,conv3_block2_2_conv,True,float32,32,3,3,1,1,same,channels_last,1,1,1,linear,False,GlorotUniform,Zeros,conv3_block2_2_conv,conv3_block2_1_relu,0,0,Concatenate,conv3_block2_concat,True,float32,3,conv3_block2_concat,conv3_block1_concat,0,0,conv3_block2_2_conv,0,0,BatchNormalization,conv3_block3_0_bn,True,float32,3,0.99,1.001e-05,True,True,Zeros,Ones,Zeros,Ones,conv3_block3_0_bn,conv3_block2_concat,0,0,Activation,conv3_block3_0_relu,True,float32,relu,conv3_block3_0_relu,conv3_block3_0_bn,0,0,Conv2D,conv3_block3_1_conv,True,float32,128,1,1,1,1,valid,channels_last,1,1,1,linear,False,GlorotUniform,Zeros,conv3_block3_1_conv,conv3_block3_0_relu,0,0,BatchNormalization,conv3_block3_1_bn,True,float32,3,0.99,1.001e-05,True,True,Zeros,Ones,Zeros,Ones,conv3_block3_1_bn,conv3_block3_1_conv,0,0,Activation,conv3_block3_1_relu,True,float32,relu,conv3_block3_1_relu,conv3_block3_1_bn,0,0,Conv2D,conv3_block3_2_conv,True,float32,32,3,3,1,1,same,channels_last,1,1,1,linear,False,GlorotUniform,Zeros,conv3_block3_2_conv,conv3_block3_1_relu,0,0,Concatenate,conv3_block3_concat,True,float32,3,conv3_block3_concat,conv3_block2_concat,0,0,conv3_block3_2_conv,0,0,BatchNormalization,conv3_block4_0_bn,True,float32,3,0.99,1.001e-05,True,True,Zeros,Ones,Zeros,Ones,conv3_block4_0_bn,conv3_block3_concat,0,0,Activation,conv3_block4_0_relu,True,float32,relu,conv3_block4_0_relu,conv3_block4_0_bn,0,0,Conv2D,conv3_block4_1_conv,True,float32,128,1,1,1,1,valid,channels_last,1,1,1,linear,False,GlorotUniform,Zeros,conv3_block4_1_conv,conv3_block4_0_relu,0,0,BatchNormalization,conv3_block4_1_bn,True,float32,3,0.99,1.001e-05,True,True,Zeros,Ones,Zeros,Ones,conv3_block4_1_bn,conv3_block4_1_conv,0,0,Activation,conv3_block4_1_relu,True,float32,relu,conv3_block4_1_relu,conv3_block4_1_bn,0,0,Conv2D,conv3_block4_2_conv,True,float32,32,3,3,1,1,same,channels_last,1,1,1,linear,False,GlorotUniform,Zeros,conv3_block4_2_conv,conv3_block4_1_relu,0,0,Concatenate,conv3_block4_concat,True,float32,3,conv3_block4_concat,conv3_block3_concat,0,0,conv3_block4_2_conv,0,0,BatchNormalization,conv3_block5_0_bn,True,float32,3,0.99,1.001e-05,True,True,Zeros,Ones,Zeros,Ones,conv3_block5_0_bn,conv3_block4_concat,0,0,Activation,conv3_block5_0_relu,True,float32,relu,conv3_block5_0_relu,conv3_block5_0_bn,0,0,Conv2D,conv3_block5_1_conv,True,float32,128,1,1,1,1,valid,channels_last,1,1,1,linear,False,GlorotUniform,Zeros,conv3_block5_1_conv,conv3_block5_0_relu,0,0,BatchNormalization,conv3_block5_1_bn,True,float32,3,0.99,1.001e-05,True,True,Zeros,Ones,Zeros,Ones,conv3_block5_1_bn,conv3_block5_1_conv,0,0,Activation,conv3_block5_1_relu,True,float32,relu,conv3_block5_1_relu,conv3_block5_1_bn,0,0,Conv2D,conv3_block5_2_conv,True,float32,32,3,3,1,1,same,channels_last,1,1,1,linear,False,GlorotUniform,Zeros,conv3_block5_2_conv,conv3_block5_1_relu,0,0,Concatenate,conv3_block5_concat,True,float32,3,conv3_block5_concat,conv3_block4_concat,0,0,conv3_block5_2_conv,0,0,BatchNormalization,conv3_block6_0_bn,True,float32,3,0.99,1.001e-05,True,True,Zeros,Ones,Zeros,Ones,conv3_block6_0_bn,conv3_block5_concat,0,0,Activation,conv3_block6_0_relu,True,float32,relu,conv3_block6_0_relu,conv3_block6_0_bn,0,0,Conv2D,conv3_block6_1_conv,True,float32,128,1,1,1,1,valid,channels_last,1,1,1,linear,False,GlorotUniform,Zeros,conv3_block6_1_conv,conv3_block6_0_relu,0,0,BatchNormalization,conv3_block6_1_bn,True,float32,3,0.99,1.001e-05,True,True,Zeros,Ones,Zeros,Ones,conv3_block6_1_bn,conv3_block6_1_conv,0,0,Activation,conv3_block6_1_relu,True,float32,relu,conv3_block6_1_relu,conv3_block6_1_bn,0,0,Conv2D,conv3_block6_2_conv,True,float32,32,3,3,1,1,same,channels_last,1,1,1,linear,False,GlorotUniform,Zeros,conv3_block6_2_conv,conv3_block6_1_relu,0,0,Concatenate,conv3_block6_concat,True,float32,3,conv3_block6_concat,conv3_block5_concat,0,0,conv3_block6_2_conv,0,0,BatchNormalization,conv3_block7_0_bn,True,float32,3,0.99,1.001e-05,True,True,Zeros,Ones,Zeros,Ones,conv3_block7_0_bn,conv3_block6_concat,0,0,Activation,conv3_block7_0_relu,True,float32,relu,conv3_block7_0_relu,conv3_block7_0_bn,0,0,Conv2D,conv3_block7_1_conv,True,float32,128,1,1,1,1,valid,channels_last,1,1,1,linear,False,GlorotUniform,Zeros,conv3_block7_1_conv,conv3_block7_0_relu,0,0,BatchNormalization,conv3_block7_1_bn,True,float32,3,0.99,1.001e-05,True,True,Zeros,Ones,Zeros,Ones,conv3_block7_1_bn,conv3_block7_1_conv,0,0,Activation,conv3_block7_1_relu,True,float32,relu,conv3_block7_1_relu,conv3_block7_1_bn,0,0,Conv2D,conv3_block7_2_conv,True,float32,32,3,3,1,1,same,channels_last,1,1,1,linear,False,GlorotUniform,Zeros,conv3_block7_2_conv,conv3_block7_1_relu,0,0,Concatenate,conv3_block7_concat,True,float32,3,conv3_block7_concat,conv3_block6_concat,0,0,conv3_block7_2_conv,0,0,BatchNormalization,conv3_block8_0_bn,True,float32,3,0.99,1.001e-05,True,True,Zeros,Ones,Zeros,Ones,conv3_block8_0_bn,conv3_block7_concat,0,0,Activation,conv3_block8_0_relu,True,float32,relu,conv3_block8_0_relu,conv3_block8_0_bn,0,0,Conv2D,conv3_block8_1_conv,True,float32,128,1,1,1,1,valid,channels_last,1,1,1,linear,False,GlorotUniform,Zeros,conv3_block8_1_conv,conv3_block8_0_relu,0,0,BatchNormalization,conv3_block8_1_bn,True,float32,3,0.99,1.001e-05,True,True,Zeros,Ones,Zeros,Ones,conv3_block8_1_bn,conv3_block8_1_conv,0,0,Activation,conv3_block8_1_relu,True,float32,relu,conv3_block8_1_relu,conv3_block8_1_bn,0,0,Conv2D,conv3_block8_2_conv,True,float32,32,3,3,1,1,same,channels_last,1,1,1,linear,False,GlorotUniform,Zeros,conv3_block8_2_conv,conv3_block8_1_relu,0,0,Concatenate,conv3_block8_concat,True,float32,3,conv3_block8_concat,conv3_block7_concat,0,0,conv3_block8_2_conv,0,0,BatchNormalization,conv3_block9_0_bn,True,float32,3,0.99,1.001e-05,True,True,Zeros,Ones,Zeros,Ones,conv3_block9_0_bn,conv3_block8_concat,0,0,Activation,conv3_block9_0_relu,True,float32,relu,conv3_block9_0_relu,conv3_block9_0_bn,0,0,Conv2D,conv3_block9_1_conv,True,float32,128,1,1,1,1,valid,channels_last,1,1,1,linear,False,GlorotUniform,Zeros,conv3_block9_1_conv,conv3_block9_0_relu,0,0,BatchNormalization,conv3_block9_1_bn,True,float32,3,0.99,1.001e-05,True,True,Zeros,Ones,Zeros,Ones,conv3_block9_1_bn,conv3_block9_1_conv,0,0,Activation,conv3_block9_1_relu,True,float32,relu,conv3_block9_1_relu,conv3_block9_1_bn,0,0,Conv2D,conv3_block9_2_conv,True,float32,32,3,3,1,1,same,channels_last,1,1,1,linear,False,GlorotUniform,Zeros,conv3_block9_2_conv,conv3_block9_1_relu,0,0,Concatenate,conv3_block9_concat,True,float32,3,conv3_block9_concat,conv3_block8_concat,0,0,conv3_block9_2_conv,0,0,BatchNormalization,conv3_block10_0_bn,True,float32,3,0.99,1.001e-05,True,True,Zeros,Ones,Zeros,Ones,conv3_block10_0_bn,conv3_block9_concat,0,0,Activation,conv3_block10_0_relu,True,float32,relu,conv3_block10_0_relu,conv3_block10_0_bn,0,0,Conv2D,conv3_block10_1_conv,True,float32,128,1,1,1,1,valid,channels_last,1,1,1,linear,False,GlorotUniform,Zeros,conv3_block10_1_conv,conv3_block10_0_relu,0,0,BatchNormalization,conv3_block10_1_bn,True,float32,3,0.99,1.001e-05,True,True,Zeros,Ones,Zeros,Ones,conv3_block10_1_bn,conv3_block10_1_conv,0,0,Activation,conv3_block10_1_relu,True,float32,relu,conv3_block10_1_relu,conv3_block10_1_bn,0,0,Conv2D,conv3_block10_2_conv,True,float32,32,3,3,1,1,same,channels_last,1,1,1,linear,False,GlorotUniform,Zeros,conv3_block10_2_conv,conv3_block10_1_relu,0,0,Concatenate,conv3_block10_concat,True,float32,3,conv3_block10_concat,conv3_block9_concat,0,0,conv3_block10_2_conv,0,0,BatchNormalization,conv3_block11_0_bn,True,float32,3,0.99,1.001e-05,True,True,Zeros,Ones,Zeros,Ones,conv3_block11_0_bn,conv3_block10_concat,0,0,Activation,conv3_block11_0_relu,True,float32,relu,conv3_block11_0_relu,conv3_block11_0_bn,0,0,Conv2D,conv3_block11_1_conv,True,float32,128,1,1,1,1,valid,channels_last,1,1,1,linear,False,GlorotUniform,Zeros,conv3_block11_1_conv,conv3_block11_0_relu,0,0,BatchNormalization,conv3_block11_1_bn,True,float32,3,0.99,1.001e-05,True,True,Zeros,Ones,Zeros,Ones,conv3_block11_1_bn,conv3_block11_1_conv,0,0,Activation,conv3_block11_1_relu,True,float32,relu,conv3_block11_1_relu,conv3_block11_1_bn,0,0,Conv2D,conv3_block11_2_conv,True,float32,32,3,3,1,1,same,channels_last,1,1,1,linear,False,GlorotUniform,Zeros,conv3_block11_2_conv,conv3_block11_1_relu,0,0,Concatenate,conv3_block11_concat,True,float32,3,conv3_block11_concat,conv3_block10_concat,0,0,conv3_block11_2_conv,0,0,BatchNormalization,conv3_block12_0_bn,True,float32,3,0.99,1.001e-05,True,True,Zeros,Ones,Zeros,Ones,conv3_block12_0_bn,conv3_block11_concat,0,0,Activation,conv3_block12_0_relu,True,float32,relu,conv3_block12_0_relu,conv3_block12_0_bn,0,0,Conv2D,conv3_block12_1_conv,True,float32,128,1,1,1,1,valid,channels_last,1,1,1,linear,False,GlorotUniform,Zeros,conv3_block12_1_conv,conv3_block12_0_relu,0,0,BatchNormalization,conv3_block12_1_bn,True,float32,3,0.99,1.001e-05,True,True,Zeros,Ones,Zeros,Ones,conv3_block12_1_bn,conv3_block12_1_conv,0,0,Activation,conv3_block12_1_relu,True,float32,relu,conv3_block12_1_relu,conv3_block12_1_bn,0,0,Conv2D,conv3_block12_2_conv,True,float32,32,3,3,1,1,same,channels_last,1,1,1,linear,False,GlorotUniform,Zeros,conv3_block12_2_conv,conv3_block12_1_relu,0,0,Concatenate,conv3_block12_concat,True,float32,3,conv3_block12_concat,conv3_block11_concat,0,0,conv3_block12_2_conv,0,0,BatchNormalization,pool3_bn,True,float32,3,0.99,1.001e-05,True,True,Zeros,Ones,Zeros,Ones,pool3_bn,conv3_block12_concat,0,0,Activation,pool3_relu,True,float32,relu,pool3_relu,pool3_bn,0,0,Conv2D,pool3_conv,True,float32,256,1,1,1,1,valid,channels_last,1,1,1,linear,False,GlorotUniform,Zeros,pool3_conv,pool3_relu,0,0,AveragePooling2D,pool3_pool,True,float32,2,2,valid,2,2,channels_last,pool3_pool,pool3_conv,0,0,BatchNormalization,conv4_block1_0_bn,True,float32,3,0.99,1.001e-05,True,True,Zeros,Ones,Zeros,Ones,conv4_block1_0_bn,pool3_pool,0,0,Activation,conv4_block1_0_relu,True,float32,relu,conv4_block1_0_relu,conv4_block1_0_bn,0,0,Conv2D,conv4_block1_1_conv,True,float32,128,1,1,1,1,valid,channels_last,1,1,1,linear,False,GlorotUniform,Zeros,conv4_block1_1_conv,conv4_block1_0_relu,0,0,BatchNormalization,conv4_block1_1_bn,True,float32,3,0.99,1.001e-05,True,True,Zeros,Ones,Zeros,Ones,conv4_block1_1_bn,conv4_block1_1_conv,0,0,Activation,conv4_block1_1_relu,True,float32,relu,conv4_block1_1_relu,conv4_block1_1_bn,0,0,Conv2D,conv4_block1_2_conv,True,float32,32,3,3,1,1,same,channels_last,1,1,1,linear,False,GlorotUniform,Zeros,conv4_block1_2_conv,conv4_block1_1_relu,0,0,Concatenate,conv4_block1_concat,True,float32,3,conv4_block1_concat,pool3_pool,0,0,conv4_block1_2_conv,0,0,BatchNormalization,conv4_block2_0_bn,True,float32,3,0.99,1.001e-05,True,True,Zeros,Ones,Zeros,Ones,conv4_block2_0_bn,conv4_block1_concat,0,0,Activation,conv4_block2_0_relu,True,float32,relu,conv4_block2_0_relu,conv4_block2_0_bn,0,0,Conv2D,conv4_block2_1_conv,True,float32,128,1,1,1,1,valid,channels_last,1,1,1,linear,False,GlorotUniform,Zeros,conv4_block2_1_conv,conv4_block2_0_relu,0,0,BatchNormalization,conv4_block2_1_bn,True,float32,3,0.99,1.001e-05,True,True,Zeros,Ones,Zeros,Ones,conv4_block2_1_bn,conv4_block2_1_conv,0,0,Activation,conv4_block2_1_relu,True,float32,relu,conv4_block2_1_relu,conv4_block2_1_bn,0,0,Conv2D,conv4_block2_2_conv,True,float32,32,3,3,1,1,same,channels_last,1,1,1,linear,False,GlorotUniform,Zeros,conv4_block2_2_conv,conv4_block2_1_relu,0,0,Concatenate,conv4_block2_concat,True,float32,3,conv4_block2_concat,conv4_block1_concat,0,0,conv4_block2_2_conv,0,0,BatchNormalization,conv4_block3_0_bn,True,float32,3,0.99,1.001e-05,True,True,Zeros,Ones,Zeros,Ones,conv4_block3_0_bn,conv4_block2_concat,0,0,Activation,conv4_block3_0_relu,True,float32,relu,conv4_block3_0_relu,conv4_block3_0_bn,0,0,Conv2D,conv4_block3_1_conv,True,float32,128,1,1,1,1,valid,channels_last,1,1,1,linear,False,GlorotUniform,Zeros,conv4_block3_1_conv,conv4_block3_0_relu,0,0,BatchNormalization,conv4_block3_1_bn,True,float32,3,0.99,1.001e-05,True,True,Zeros,Ones,Zeros,Ones,conv4_block3_1_bn,conv4_block3_1_conv,0,0,Activation,conv4_block3_1_relu,True,float32,relu,conv4_block3_1_relu,conv4_block3_1_bn,0,0,Conv2D,conv4_block3_2_conv,True,float32,32,3,3,1,1,same,channels_last,1,1,1,linear,False,GlorotUniform,Zeros,conv4_block3_2_conv,conv4_block3_1_relu,0,0,Concatenate,conv4_block3_concat,True,float32,3,conv4_block3_concat,conv4_block2_concat,0,0,conv4_block3_2_conv,0,0,BatchNormalization,conv4_block4_0_bn,True,float32,3,0.99,1.001e-05,True,True,Zeros,Ones,Zeros,Ones,conv4_block4_0_bn,conv4_block3_concat,0,0,Activation,conv4_block4_0_relu,True,float32,relu,conv4_block4_0_relu,conv4_block4_0_bn,0,0,Conv2D,conv4_block4_1_conv,True,float32,128,1,1,1,1,valid,channels_last,1,1,1,linear,False,GlorotUniform,Zeros,conv4_block4_1_conv,conv4_block4_0_relu,0,0,BatchNormalization,conv4_block4_1_bn,True,float32,3,0.99,1.001e-05,True,True,Zeros,Ones,Zeros,Ones,conv4_block4_1_bn,conv4_block4_1_conv,0,0,Activation,conv4_block4_1_relu,True,float32,relu,conv4_block4_1_relu,conv4_block4_1_bn,0,0,Conv2D,conv4_block4_2_conv,True,float32,32,3,3,1,1,same,channels_last,1,1,1,linear,False,GlorotUniform,Zeros,conv4_block4_2_conv,conv4_block4_1_relu,0,0,Concatenate,conv4_block4_concat,True,float32,3,conv4_block4_concat,conv4_block3_concat,0,0,conv4_block4_2_conv,0,0,BatchNormalization,conv4_block5_0_bn,True,float32,3,0.99,1.001e-05,True,True,Zeros,Ones,Zeros,Ones,conv4_block5_0_bn,conv4_block4_concat,0,0,Activation,conv4_block5_0_relu,True,float32,relu,conv4_block5_0_relu,conv4_block5_0_bn,0,0,Conv2D,conv4_block5_1_conv,True,float32,128,1,1,1,1,valid,channels_last,1,1,1,linear,False,GlorotUniform,Zeros,conv4_block5_1_conv,conv4_block5_0_relu,0,0,BatchNormalization,conv4_block5_1_bn,True,float32,3,0.99,1.001e-05,True,True,Zeros,Ones,Zeros,Ones,conv4_block5_1_bn,conv4_block5_1_conv,0,0,Activation,conv4_block5_1_relu,True,float32,relu,conv4_block5_1_relu,conv4_block5_1_bn,0,0,Conv2D,conv4_block5_2_conv,True,float32,32,3,3,1,1,same,channels_last,1,1,1,linear,False,GlorotUniform,Zeros,conv4_block5_2_conv,conv4_block5_1_relu,0,0,Concatenate,conv4_block5_concat,True,float32,3,conv4_block5_concat,conv4_block4_concat,0,0,conv4_block5_2_conv,0,0,BatchNormalization,conv4_block6_0_bn,True,float32,3,0.99,1.001e-05,True,True,Zeros,Ones,Zeros,Ones,conv4_block6_0_bn,conv4_block5_concat,0,0,Activation,conv4_block6_0_relu,True,float32,relu,conv4_block6_0_relu,conv4_block6_0_bn,0,0,Conv2D,conv4_block6_1_conv,True,float32,128,1,1,1,1,valid,channels_last,1,1,1,linear,False,GlorotUniform,Zeros,conv4_block6_1_conv,conv4_block6_0_relu,0,0,BatchNormalization,conv4_block6_1_bn,True,float32,3,0.99,1.001e-05,True,True,Zeros,Ones,Zeros,Ones,conv4_block6_1_bn,conv4_block6_1_conv,0,0,Activation,conv4_block6_1_relu,True,float32,relu,conv4_block6_1_relu,conv4_block6_1_bn,0,0,Conv2D,conv4_block6_2_conv,True,float32,32,3,3,1,1,same,channels_last,1,1,1,linear,False,GlorotUniform,Zeros,conv4_block6_2_conv,conv4_block6_1_relu,0,0,Concatenate,conv4_block6_concat,True,float32,3,conv4_block6_concat,conv4_block5_concat,0,0,conv4_block6_2_conv,0,0,BatchNormalization,conv4_block7_0_bn,True,float32,3,0.99,1.001e-05,True,True,Zeros,Ones,Zeros,Ones,conv4_block7_0_bn,conv4_block6_concat,0,0,Activation,conv4_block7_0_relu,True,float32,relu,conv4_block7_0_relu,conv4_block7_0_bn,0,0,Conv2D,conv4_block7_1_conv,True,float32,128,1,1,1,1,valid,channels_last,1,1,1,linear,False,GlorotUniform,Zeros,conv4_block7_1_conv,conv4_block7_0_relu,0,0,BatchNormalization,conv4_block7_1_bn,True,float32,3,0.99,1.001e-05,True,True,Zeros,Ones,Zeros,Ones,conv4_block7_1_bn,conv4_block7_1_conv,0,0,Activation,conv4_block7_1_relu,True,float32,relu,conv4_block7_1_relu,conv4_block7_1_bn,0,0,Conv2D,conv4_block7_2_conv,True,float32,32,3,3,1,1,same,channels_last,1,1,1,linear,False,GlorotUniform,Zeros,conv4_block7_2_conv,conv4_block7_1_relu,0,0,Concatenate,conv4_block7_concat,True,float32,3,conv4_block7_concat,conv4_block6_concat,0,0,conv4_block7_2_conv,0,0,BatchNormalization,conv4_block8_0_bn,True,float32,3,0.99,1.001e-05,True,True,Zeros,Ones,Zeros,Ones,conv4_block8_0_bn,conv4_block7_concat,0,0,Activation,conv4_block8_0_relu,True,float32,relu,conv4_block8_0_relu,conv4_block8_0_bn,0,0,Conv2D,conv4_block8_1_conv,True,float32,128,1,1,1,1,valid,channels_last,1,1,1,linear,False,GlorotUniform,Zeros,conv4_block8_1_conv,conv4_block8_0_relu,0,0,BatchNormalization,conv4_block8_1_bn,True,float32,3,0.99,1.001e-05,True,True,Zeros,Ones,Zeros,Ones,conv4_block8_1_bn,conv4_block8_1_conv,0,0,Activation,conv4_block8_1_relu,True,float32,relu,conv4_block8_1_relu,conv4_block8_1_bn,0,0,Conv2D,conv4_block8_2_conv,True,float32,32,3,3,1,1,same,channels_last,1,1,1,linear,False,GlorotUniform,Zeros,conv4_block8_2_conv,conv4_block8_1_relu,0,0,Concatenate,conv4_block8_concat,True,float32,3,conv4_block8_concat,conv4_block7_concat,0,0,conv4_block8_2_conv,0,0,BatchNormalization,conv4_block9_0_bn,True,float32,3,0.99,1.001e-05,True,True,Zeros,Ones,Zeros,Ones,conv4_block9_0_bn,conv4_block8_concat,0,0,Activation,conv4_block9_0_relu,True,float32,relu,conv4_block9_0_relu,conv4_block9_0_bn,0,0,Conv2D,conv4_block9_1_conv,True,float32,128,1,1,1,1,valid,channels_last,1,1,1,linear,False,GlorotUniform,Zeros,conv4_block9_1_conv,conv4_block9_0_relu,0,0,BatchNormalization,conv4_block9_1_bn,True,float32,3,0.99,1.001e-05,True,True,Zeros,Ones,Zeros,Ones,conv4_block9_1_bn,conv4_block9_1_conv,0,0,Activation,conv4_block9_1_relu,True,float32,relu,conv4_block9_1_relu,conv4_block9_1_bn,0,0,Conv2D,conv4_block9_2_conv,True,float32,32,3,3,1,1,same,channels_last,1,1,1,linear,False,GlorotUniform,Zeros,conv4_block9_2_conv,conv4_block9_1_relu,0,0,Concatenate,conv4_block9_concat,True,float32,3,conv4_block9_concat,conv4_block8_concat,0,0,conv4_block9_2_conv,0,0,BatchNormalization,conv4_block10_0_bn,True,float32,3,0.99,1.001e-05,True,True,Zeros,Ones,Zeros,Ones,conv4_block10_0_bn,conv4_block9_concat,0,0,Activation,conv4_block10_0_relu,True,float32,relu,conv4_block10_0_relu,conv4_block10_0_bn,0,0,Conv2D,conv4_block10_1_conv,True,float32,128,1,1,1,1,valid,channels_last,1,1,1,linear,False,GlorotUniform,Zeros,conv4_block10_1_conv,conv4_block10_0_relu,0,0,BatchNormalization,conv4_block10_1_bn,True,float32,3,0.99,1.001e-05,True,True,Zeros,Ones,Zeros,Ones,conv4_block10_1_bn,conv4_block10_1_conv,0,0,Activation,conv4_block10_1_relu,True,float32,relu,conv4_block10_1_relu,conv4_block10_1_bn,0,0,Conv2D,conv4_block10_2_conv,True,float32,32,3,3,1,1,same,channels_last,1,1,1,linear,False,GlorotUniform,Zeros,conv4_block10_2_conv,conv4_block10_1_relu,0,0,Concatenate,conv4_block10_concat,True,float32,3,conv4_block10_concat,conv4_block9_concat,0,0,conv4_block10_2_conv,0,0,BatchNormalization,conv4_block11_0_bn,True,float32,3,0.99,1.001e-05,True,True,Zeros,Ones,Zeros,Ones,conv4_block11_0_bn,conv4_block10_concat,0,0,Activation,conv4_block11_0_relu,True,float32,relu,conv4_block11_0_relu,conv4_block11_0_bn,0,0,Conv2D,conv4_block11_1_conv,True,float32,128,1,1,1,1,valid,channels_last,1,1,1,linear,False,GlorotUniform,Zeros,conv4_block11_1_conv,conv4_block11_0_relu,0,0,BatchNormalization,conv4_block11_1_bn,True,float32,3,0.99,1.001e-05,True,True,Zeros,Ones,Zeros,Ones,conv4_block11_1_bn,conv4_block11_1_conv,0,0,Activation,conv4_block11_1_relu,True,float32,relu,conv4_block11_1_relu,conv4_block11_1_bn,0,0,Conv2D,conv4_block11_2_conv,True,float32,32,3,3,1,1,same,channels_last,1,1,1,linear,False,GlorotUniform,Zeros,conv4_block11_2_conv,conv4_block11_1_relu,0,0,Concatenate,conv4_block11_concat,True,float32,3,conv4_block11_concat,conv4_block10_concat,0,0,conv4_block11_2_conv,0,0,BatchNormalization,conv4_block12_0_bn,True,float32,3,0.99,1.001e-05,True,True,Zeros,Ones,Zeros,Ones,conv4_block12_0_bn,conv4_block11_concat,0,0,Activation,conv4_block12_0_relu,True,float32,relu,conv4_block12_0_relu,conv4_block12_0_bn,0,0,Conv2D,conv4_block12_1_conv,True,float32,128,1,1,1,1,valid,channels_last,1,1,1,linear,False,GlorotUniform,Zeros,conv4_block12_1_conv,conv4_block12_0_relu,0,0,BatchNormalization,conv4_block12_1_bn,True,float32,3,0.99,1.001e-05,True,True,Zeros,Ones,Zeros,Ones,conv4_block12_1_bn,conv4_block12_1_conv,0,0,Activation,conv4_block12_1_relu,True,float32,relu,conv4_block12_1_relu,conv4_block12_1_bn,0,0,Conv2D,conv4_block12_2_conv,True,float32,32,3,3,1,1,same,channels_last,1,1,1,linear,False,GlorotUniform,Zeros,conv4_block12_2_conv,conv4_block12_1_relu,0,0,Concatenate,conv4_block12_concat,True,float32,3,conv4_block12_concat,conv4_block11_concat,0,0,conv4_block12_2_conv,0,0,BatchNormalization,conv4_block13_0_bn,True,float32,3,0.99,1.001e-05,True,True,Zeros,Ones,Zeros,Ones,conv4_block13_0_bn,conv4_block12_concat,0,0,Activation,conv4_block13_0_relu,True,float32,relu,conv4_block13_0_relu,conv4_block13_0_bn,0,0,Conv2D,conv4_block13_1_conv,True,float32,128,1,1,1,1,valid,channels_last,1,1,1,linear,False,GlorotUniform,Zeros,conv4_block13_1_conv,conv4_block13_0_relu,0,0,BatchNormalization,conv4_block13_1_bn,True,float32,3,0.99,1.001e-05,True,True,Zeros,Ones,Zeros,Ones,conv4_block13_1_bn,conv4_block13_1_conv,0,0,Activation,conv4_block13_1_relu,True,float32,relu,conv4_block13_1_relu,conv4_block13_1_bn,0,0,Conv2D,conv4_block13_2_conv,True,float32,32,3,3,1,1,same,channels_last,1,1,1,linear,False,GlorotUniform,Zeros,conv4_block13_2_conv,conv4_block13_1_relu,0,0,Concatenate,conv4_block13_concat,True,float32,3,conv4_block13_concat,conv4_block12_concat,0,0,conv4_block13_2_conv,0,0,BatchNormalization,conv4_block14_0_bn,True,float32,3,0.99,1.001e-05,True,True,Zeros,Ones,Zeros,Ones,conv4_block14_0_bn,conv4_block13_concat,0,0,Activation,conv4_block14_0_relu,True,float32,relu,conv4_block14_0_relu,conv4_block14_0_bn,0,0,Conv2D,conv4_block14_1_conv,True,float32,128,1,1,1,1,valid,channels_last,1,1,1,linear,False,GlorotUniform,Zeros,conv4_block14_1_conv,conv4_block14_0_relu,0,0,BatchNormalization,conv4_block14_1_bn,True,float32,3,0.99,1.001e-05,True,True,Zeros,Ones,Zeros,Ones,conv4_block14_1_bn,conv4_block14_1_conv,0,0,Activation,conv4_block14_1_relu,True,float32,relu,conv4_block14_1_relu,conv4_block14_1_bn,0,0,Conv2D,conv4_block14_2_conv,True,float32,32,3,3,1,1,same,channels_last,1,1,1,linear,False,GlorotUniform,Zeros,conv4_block14_2_conv,conv4_block14_1_relu,0,0,Concatenate,conv4_block14_concat,True,float32,3,conv4_block14_concat,conv4_block13_concat,0,0,conv4_block14_2_conv,0,0,BatchNormalization,conv4_block15_0_bn,True,float32,3,0.99,1.001e-05,True,True,Zeros,Ones,Zeros,Ones,conv4_block15_0_bn,conv4_block14_concat,0,0,Activation,conv4_block15_0_relu,True,float32,relu,conv4_block15_0_relu,conv4_block15_0_bn,0,0,Conv2D,conv4_block15_1_conv,True,float32,128,1,1,1,1,valid,channels_last,1,1,1,linear,False,GlorotUniform,Zeros,conv4_block15_1_conv,conv4_block15_0_relu,0,0,BatchNormalization,conv4_block15_1_bn,True,float32,3,0.99,1.001e-05,True,True,Zeros,Ones,Zeros,Ones,conv4_block15_1_bn,conv4_block15_1_conv,0,0,Activation,conv4_block15_1_relu,True,float32,relu,conv4_block15_1_relu,conv4_block15_1_bn,0,0,Conv2D,conv4_block15_2_conv,True,float32,32,3,3,1,1,same,channels_last,1,1,1,linear,False,GlorotUniform,Zeros,conv4_block15_2_conv,conv4_block15_1_relu,0,0,Concatenate,conv4_block15_concat,True,float32,3,conv4_block15_concat,conv4_block14_concat,0,0,conv4_block15_2_conv,0,0,BatchNormalization,conv4_block16_0_bn,True,float32,3,0.99,1.001e-05,True,True,Zeros,Ones,Zeros,Ones,conv4_block16_0_bn,conv4_block15_concat,0,0,Activation,conv4_block16_0_relu,True,float32,relu,conv4_block16_0_relu,conv4_block16_0_bn,0,0,Conv2D,conv4_block16_1_conv,True,float32,128,1,1,1,1,valid,channels_last,1,1,1,linear,False,GlorotUniform,Zeros,conv4_block16_1_conv,conv4_block16_0_relu,0,0,BatchNormalization,conv4_block16_1_bn,True,float32,3,0.99,1.001e-05,True,True,Zeros,Ones,Zeros,Ones,conv4_block16_1_bn,conv4_block16_1_conv,0,0,Activation,conv4_block16_1_relu,True,float32,relu,conv4_block16_1_relu,conv4_block16_1_bn,0,0,Conv2D,conv4_block16_2_conv,True,float32,32,3,3,1,1,same,channels_last,1,1,1,linear,False,GlorotUniform,Zeros,conv4_block16_2_conv,conv4_block16_1_relu,0,0,Concatenate,conv4_block16_concat,True,float32,3,conv4_block16_concat,conv4_block15_concat,0,0,conv4_block16_2_conv,0,0,BatchNormalization,conv4_block17_0_bn,True,float32,3,0.99,1.001e-05,True,True,Zeros,Ones,Zeros,Ones,conv4_block17_0_bn,conv4_block16_concat,0,0,Activation,conv4_block17_0_relu,True,float32,relu,conv4_block17_0_relu,conv4_block17_0_bn,0,0,Conv2D,conv4_block17_1_conv,True,float32,128,1,1,1,1,valid,channels_last,1,1,1,linear,False,GlorotUniform,Zeros,conv4_block17_1_conv,conv4_block17_0_relu,0,0,BatchNormalization,conv4_block17_1_bn,True,float32,3,0.99,1.001e-05,True,True,Zeros,Ones,Zeros,Ones,conv4_block17_1_bn,conv4_block17_1_conv,0,0,Activation,conv4_block17_1_relu,True,float32,relu,conv4_block17_1_relu,conv4_block17_1_bn,0,0,Conv2D,conv4_block17_2_conv,True,float32,32,3,3,1,1,same,channels_last,1,1,1,linear,False,GlorotUniform,Zeros,conv4_block17_2_conv,conv4_block17_1_relu,0,0,Concatenate,conv4_block17_concat,True,float32,3,conv4_block17_concat,conv4_block16_concat,0,0,conv4_block17_2_conv,0,0,BatchNormalization,conv4_block18_0_bn,True,float32,3,0.99,1.001e-05,True,True,Zeros,Ones,Zeros,Ones,conv4_block18_0_bn,conv4_block17_concat,0,0,Activation,conv4_block18_0_relu,True,float32,relu,conv4_block18_0_relu,conv4_block18_0_bn,0,0,Conv2D,conv4_block18_1_conv,True,float32,128,1,1,1,1,valid,channels_last,1,1,1,linear,False,GlorotUniform,Zeros,conv4_block18_1_conv,conv4_block18_0_relu,0,0,BatchNormalization,conv4_block18_1_bn,True,float32,3,0.99,1.001e-05,True,True,Zeros,Ones,Zeros,Ones,conv4_block18_1_bn,conv4_block18_1_conv,0,0,Activation,conv4_block18_1_relu,True,float32,relu,conv4_block18_1_relu,conv4_block18_1_bn,0,0,Conv2D,conv4_block18_2_conv,True,float32,32,3,3,1,1,same,channels_last,1,1,1,linear,False,GlorotUniform,Zeros,conv4_block18_2_conv,conv4_block18_1_relu,0,0,Concatenate,conv4_block18_concat,True,float32,3,conv4_block18_concat,conv4_block17_concat,0,0,conv4_block18_2_conv,0,0,BatchNormalization,conv4_block19_0_bn,True,float32,3,0.99,1.001e-05,True,True,Zeros,Ones,Zeros,Ones,conv4_block19_0_bn,conv4_block18_concat,0,0,Activation,conv4_block19_0_relu,True,float32,relu,conv4_block19_0_relu,conv4_block19_0_bn,0,0,Conv2D,conv4_block19_1_conv,True,float32,128,1,1,1,1,valid,channels_last,1,1,1,linear,False,GlorotUniform,Zeros,conv4_block19_1_conv,conv4_block19_0_relu,0,0,BatchNormalization,conv4_block19_1_bn,True,float32,3,0.99,1.001e-05,True,True,Zeros,Ones,Zeros,Ones,conv4_block19_1_bn,conv4_block19_1_conv,0,0,Activation,conv4_block19_1_relu,True,float32,relu,conv4_block19_1_relu,conv4_block19_1_bn,0,0,Conv2D,conv4_block19_2_conv,True,float32,32,3,3,1,1,same,channels_last,1,1,1,linear,False,GlorotUniform,Zeros,conv4_block19_2_conv,conv4_block19_1_relu,0,0,Concatenate,conv4_block19_concat,True,float32,3,conv4_block19_concat,conv4_block18_concat,0,0,conv4_block19_2_conv,0,0,BatchNormalization,conv4_block20_0_bn,True,float32,3,0.99,1.001e-05,True,True,Zeros,Ones,Zeros,Ones,conv4_block20_0_bn,conv4_block19_concat,0,0,Activation,conv4_block20_0_relu,True,float32,relu,conv4_block20_0_relu,conv4_block20_0_bn,0,0,Conv2D,conv4_block20_1_conv,True,float32,128,1,1,1,1,valid,channels_last,1,1,1,linear,False,GlorotUniform,Zeros,conv4_block20_1_conv,conv4_block20_0_relu,0,0,BatchNormalization,conv4_block20_1_bn,True,float32,3,0.99,1.001e-05,True,True,Zeros,Ones,Zeros,Ones,conv4_block20_1_bn,conv4_block20_1_conv,0,0,Activation,conv4_block20_1_relu,True,float32,relu,conv4_block20_1_relu,conv4_block20_1_bn,0,0,Conv2D,conv4_block20_2_conv,True,float32,32,3,3,1,1,same,channels_last,1,1,1,linear,False,GlorotUniform,Zeros,conv4_block20_2_conv,conv4_block20_1_relu,0,0,Concatenate,conv4_block20_concat,True,float32,3,conv4_block20_concat,conv4_block19_concat,0,0,conv4_block20_2_conv,0,0,BatchNormalization,conv4_block21_0_bn,True,float32,3,0.99,1.001e-05,True,True,Zeros,Ones,Zeros,Ones,conv4_block21_0_bn,conv4_block20_concat,0,0,Activation,conv4_block21_0_relu,True,float32,relu,conv4_block21_0_relu,conv4_block21_0_bn,0,0,Conv2D,conv4_block21_1_conv,True,float32,128,1,1,1,1,valid,channels_last,1,1,1,linear,False,GlorotUniform,Zeros,conv4_block21_1_conv,conv4_block21_0_relu,0,0,BatchNormalization,conv4_block21_1_bn,True,float32,3,0.99,1.001e-05,True,True,Zeros,Ones,Zeros,Ones,conv4_block21_1_bn,conv4_block21_1_conv,0,0,Activation,conv4_block21_1_relu,True,float32,relu,conv4_block21_1_relu,conv4_block21_1_bn,0,0,Conv2D,conv4_block21_2_conv,True,float32,32,3,3,1,1,same,channels_last,1,1,1,linear,False,GlorotUniform,Zeros,conv4_block21_2_conv,conv4_block21_1_relu,0,0,Concatenate,conv4_block21_concat,True,float32,3,conv4_block21_concat,conv4_block20_concat,0,0,conv4_block21_2_conv,0,0,BatchNormalization,conv4_block22_0_bn,True,float32,3,0.99,1.001e-05,True,True,Zeros,Ones,Zeros,Ones,conv4_block22_0_bn,conv4_block21_concat,0,0,Activation,conv4_block22_0_relu,True,float32,relu,conv4_block22_0_relu,conv4_block22_0_bn,0,0,Conv2D,conv4_block22_1_conv,True,float32,128,1,1,1,1,valid,channels_last,1,1,1,linear,False,GlorotUniform,Zeros,conv4_block22_1_conv,conv4_block22_0_relu,0,0,BatchNormalization,conv4_block22_1_bn,True,float32,3,0.99,1.001e-05,True,True,Zeros,Ones,Zeros,Ones,conv4_block22_1_bn,conv4_block22_1_conv,0,0,Activation,conv4_block22_1_relu,True,float32,relu,conv4_block22_1_relu,conv4_block22_1_bn,0,0,Conv2D,conv4_block22_2_conv,True,float32,32,3,3,1,1,same,channels_last,1,1,1,linear,False,GlorotUniform,Zeros,conv4_block22_2_conv,conv4_block22_1_relu,0,0,Concatenate,conv4_block22_concat,True,float32,3,conv4_block22_concat,conv4_block21_concat,0,0,conv4_block22_2_conv,0,0,BatchNormalization,conv4_block23_0_bn,True,float32,3,0.99,1.001e-05,True,True,Zeros,Ones,Zeros,Ones,conv4_block23_0_bn,conv4_block22_concat,0,0,Activation,conv4_block23_0_relu,True,float32,relu,conv4_block23_0_relu,conv4_block23_0_bn,0,0,Conv2D,conv4_block23_1_conv,True,float32,128,1,1,1,1,valid,channels_last,1,1,1,linear,False,GlorotUniform,Zeros,conv4_block23_1_conv,conv4_block23_0_relu,0,0,BatchNormalization,conv4_block23_1_bn,True,float32,3,0.99,1.001e-05,True,True,Zeros,Ones,Zeros,Ones,conv4_block23_1_bn,conv4_block23_1_conv,0,0,Activation,conv4_block23_1_relu,True,float32,relu,conv4_block23_1_relu,conv4_block23_1_bn,0,0,Conv2D,conv4_block23_2_conv,True,float32,32,3,3,1,1,same,channels_last,1,1,1,linear,False,GlorotUniform,Zeros,conv4_block23_2_conv,conv4_block23_1_relu,0,0,Concatenate,conv4_block23_concat,True,float32,3,conv4_block23_concat,conv4_block22_concat,0,0,conv4_block23_2_conv,0,0,BatchNormalization,conv4_block24_0_bn,True,float32,3,0.99,1.001e-05,True,True,Zeros,Ones,Zeros,Ones,conv4_block24_0_bn,conv4_block23_concat,0,0,Activation,conv4_block24_0_relu,True,float32,relu,conv4_block24_0_relu,conv4_block24_0_bn,0,0,Conv2D,conv4_block24_1_conv,True,float32,128,1,1,1,1,valid,channels_last,1,1,1,linear,False,GlorotUniform,Zeros,conv4_block24_1_conv,conv4_block24_0_relu,0,0,BatchNormalization,conv4_block24_1_bn,True,float32,3,0.99,1.001e-05,True,True,Zeros,Ones,Zeros,Ones,conv4_block24_1_bn,conv4_block24_1_conv,0,0,Activation,conv4_block24_1_relu,True,float32,relu,conv4_block24_1_relu,conv4_block24_1_bn,0,0,Conv2D,conv4_block24_2_conv,True,float32,32,3,3,1,1,same,channels_last,1,1,1,linear,False,GlorotUniform,Zeros,conv4_block24_2_conv,conv4_block24_1_relu,0,0,Concatenate,conv4_block24_concat,True,float32,3,conv4_block24_concat,conv4_block23_concat,0,0,conv4_block24_2_conv,0,0,BatchNormalization,pool4_bn,True,float32,3,0.99,1.001e-05,True,True,Zeros,Ones,Zeros,Ones,pool4_bn,conv4_block24_concat,0,0,Activation,pool4_relu,True,float32,relu,pool4_relu,pool4_bn,0,0,Conv2D,pool4_conv,True,float32,512,1,1,1,1,valid,channels_last,1,1,1,linear,False,GlorotUniform,Zeros,pool4_conv,pool4_relu,0,0,AveragePooling2D,pool4_pool,True,float32,2,2,valid,2,2,channels_last,pool4_pool,pool4_conv,0,0,BatchNormalization,conv5_block1_0_bn,True,float32,3,0.99,1.001e-05,True,True,Zeros,Ones,Zeros,Ones,conv5_block1_0_bn,pool4_pool,0,0,Activation,conv5_block1_0_relu,True,float32,relu,conv5_block1_0_relu,conv5_block1_0_bn,0,0,Conv2D,conv5_block1_1_conv,True,float32,128,1,1,1,1,valid,channels_last,1,1,1,linear,False,GlorotUniform,Zeros,conv5_block1_1_conv,conv5_block1_0_relu,0,0,BatchNormalization,conv5_block1_1_bn,True,float32,3,0.99,1.001e-05,True,True,Zeros,Ones,Zeros,Ones,conv5_block1_1_bn,conv5_block1_1_conv,0,0,Activation,conv5_block1_1_relu,True,float32,relu,conv5_block1_1_relu,conv5_block1_1_bn,0,0,Conv2D,conv5_block1_2_conv,True,float32,32,3,3,1,1,same,channels_last,1,1,1,linear,False,GlorotUniform,Zeros,conv5_block1_2_conv,conv5_block1_1_relu,0,0,Concatenate,conv5_block1_concat,True,float32,3,conv5_block1_concat,pool4_pool,0,0,conv5_block1_2_conv,0,0,BatchNormalization,conv5_block2_0_bn,True,float32,3,0.99,1.001e-05,True,True,Zeros,Ones,Zeros,Ones,conv5_block2_0_bn,conv5_block1_concat,0,0,Activation,conv5_block2_0_relu,True,float32,relu,conv5_block2_0_relu,conv5_block2_0_bn,0,0,Conv2D,conv5_block2_1_conv,True,float32,128,1,1,1,1,valid,channels_last,1,1,1,linear,False,GlorotUniform,Zeros,conv5_block2_1_conv,conv5_block2_0_relu,0,0,BatchNormalization,conv5_block2_1_bn,True,float32,3,0.99,1.001e-05,True,True,Zeros,Ones,Zeros,Ones,conv5_block2_1_bn,conv5_block2_1_conv,0,0,Activation,conv5_block2_1_relu,True,float32,relu,conv5_block2_1_relu,conv5_block2_1_bn,0,0,Conv2D,conv5_block2_2_conv,True,float32,32,3,3,1,1,same,channels_last,1,1,1,linear,False,GlorotUniform,Zeros,conv5_block2_2_conv,conv5_block2_1_relu,0,0,Concatenate,conv5_block2_concat,True,float32,3,conv5_block2_concat,conv5_block1_concat,0,0,conv5_block2_2_conv,0,0,BatchNormalization,conv5_block3_0_bn,True,float32,3,0.99,1.001e-05,True,True,Zeros,Ones,Zeros,Ones,conv5_block3_0_bn,conv5_block2_concat,0,0,Activation,conv5_block3_0_relu,True,float32,relu,conv5_block3_0_relu,conv5_block3_0_bn,0,0,Conv2D,conv5_block3_1_conv,True,float32,128,1,1,1,1,valid,channels_last,1,1,1,linear,False,GlorotUniform,Zeros,conv5_block3_1_conv,conv5_block3_0_relu,0,0,BatchNormalization,conv5_block3_1_bn,True,float32,3,0.99,1.001e-05,True,True,Zeros,Ones,Zeros,Ones,conv5_block3_1_bn,conv5_block3_1_conv,0,0,Activation,conv5_block3_1_relu,True,float32,relu,conv5_block3_1_relu,conv5_block3_1_bn,0,0,Conv2D,conv5_block3_2_conv,True,float32,32,3,3,1,1,same,channels_last,1,1,1,linear,False,GlorotUniform,Zeros,conv5_block3_2_conv,conv5_block3_1_relu,0,0,Concatenate,conv5_block3_concat,True,float32,3,conv5_block3_concat,conv5_block2_concat,0,0,conv5_block3_2_conv,0,0,BatchNormalization,conv5_block4_0_bn,True,float32,3,0.99,1.001e-05,True,True,Zeros,Ones,Zeros,Ones,conv5_block4_0_bn,conv5_block3_concat,0,0,Activation,conv5_block4_0_relu,True,float32,relu,conv5_block4_0_relu,conv5_block4_0_bn,0,0,Conv2D,conv5_block4_1_conv,True,float32,128,1,1,1,1,valid,channels_last,1,1,1,linear,False,GlorotUniform,Zeros,conv5_block4_1_conv,conv5_block4_0_relu,0,0,BatchNormalization,conv5_block4_1_bn,True,float32,3,0.99,1.001e-05,True,True,Zeros,Ones,Zeros,Ones,conv5_block4_1_bn,conv5_block4_1_conv,0,0,Activation,conv5_block4_1_relu,True,float32,relu,conv5_block4_1_relu,conv5_block4_1_bn,0,0,Conv2D,conv5_block4_2_conv,True,float32,32,3,3,1,1,same,channels_last,1,1,1,linear,False,GlorotUniform,Zeros,conv5_block4_2_conv,conv5_block4_1_relu,0,0,Concatenate,conv5_block4_concat,True,float32,3,conv5_block4_concat,conv5_block3_concat,0,0,conv5_block4_2_conv,0,0,BatchNormalization,conv5_block5_0_bn,True,float32,3,0.99,1.001e-05,True,True,Zeros,Ones,Zeros,Ones,conv5_block5_0_bn,conv5_block4_concat,0,0,Activation,conv5_block5_0_relu,True,float32,relu,conv5_block5_0_relu,conv5_block5_0_bn,0,0,Conv2D,conv5_block5_1_conv,True,float32,128,1,1,1,1,valid,channels_last,1,1,1,linear,False,GlorotUniform,Zeros,conv5_block5_1_conv,conv5_block5_0_relu,0,0,BatchNormalization,conv5_block5_1_bn,True,float32,3,0.99,1.001e-05,True,True,Zeros,Ones,Zeros,Ones,conv5_block5_1_bn,conv5_block5_1_conv,0,0,Activation,conv5_block5_1_relu,True,float32,relu,conv5_block5_1_relu,conv5_block5_1_bn,0,0,Conv2D,conv5_block5_2_conv,True,float32,32,3,3,1,1,same,channels_last,1,1,1,linear,False,GlorotUniform,Zeros,conv5_block5_2_conv,conv5_block5_1_relu,0,0,Concatenate,conv5_block5_concat,True,float32,3,conv5_block5_concat,conv5_block4_concat,0,0,conv5_block5_2_conv,0,0,BatchNormalization,conv5_block6_0_bn,True,float32,3,0.99,1.001e-05,True,True,Zeros,Ones,Zeros,Ones,conv5_block6_0_bn,conv5_block5_concat,0,0,Activation,conv5_block6_0_relu,True,float32,relu,conv5_block6_0_relu,conv5_block6_0_bn,0,0,Conv2D,conv5_block6_1_conv,True,float32,128,1,1,1,1,valid,channels_last,1,1,1,linear,False,GlorotUniform,Zeros,conv5_block6_1_conv,conv5_block6_0_relu,0,0,BatchNormalization,conv5_block6_1_bn,True,float32,3,0.99,1.001e-05,True,True,Zeros,Ones,Zeros,Ones,conv5_block6_1_bn,conv5_block6_1_conv,0,0,Activation,conv5_block6_1_relu,True,float32,relu,conv5_block6_1_relu,conv5_block6_1_bn,0,0,Conv2D,conv5_block6_2_conv,True,float32,32,3,3,1,1,same,channels_last,1,1,1,linear,False,GlorotUniform,Zeros,conv5_block6_2_conv,conv5_block6_1_relu,0,0,Concatenate,conv5_block6_concat,True,float32,3,conv5_block6_concat,conv5_block5_concat,0,0,conv5_block6_2_conv,0,0,BatchNormalization,conv5_block7_0_bn,True,float32,3,0.99,1.001e-05,True,True,Zeros,Ones,Zeros,Ones,conv5_block7_0_bn,conv5_block6_concat,0,0,Activation,conv5_block7_0_relu,True,float32,relu,conv5_block7_0_relu,conv5_block7_0_bn,0,0,Conv2D,conv5_block7_1_conv,True,float32,128,1,1,1,1,valid,channels_last,1,1,1,linear,False,GlorotUniform,Zeros,conv5_block7_1_conv,conv5_block7_0_relu,0,0,BatchNormalization,conv5_block7_1_bn,True,float32,3,0.99,1.001e-05,True,True,Zeros,Ones,Zeros,Ones,conv5_block7_1_bn,conv5_block7_1_conv,0,0,Activation,conv5_block7_1_relu,True,float32,relu,conv5_block7_1_relu,conv5_block7_1_bn,0,0,Conv2D,conv5_block7_2_conv,True,float32,32,3,3,1,1,same,channels_last,1,1,1,linear,False,GlorotUniform,Zeros,conv5_block7_2_conv,conv5_block7_1_relu,0,0,Concatenate,conv5_block7_concat,True,float32,3,conv5_block7_concat,conv5_block6_concat,0,0,conv5_block7_2_conv,0,0,BatchNormalization,conv5_block8_0_bn,True,float32,3,0.99,1.001e-05,True,True,Zeros,Ones,Zeros,Ones,conv5_block8_0_bn,conv5_block7_concat,0,0,Activation,conv5_block8_0_relu,True,float32,relu,conv5_block8_0_relu,conv5_block8_0_bn,0,0,Conv2D,conv5_block8_1_conv,True,float32,128,1,1,1,1,valid,channels_last,1,1,1,linear,False,GlorotUniform,Zeros,conv5_block8_1_conv,conv5_block8_0_relu,0,0,BatchNormalization,conv5_block8_1_bn,True,float32,3,0.99,1.001e-05,True,True,Zeros,Ones,Zeros,Ones,conv5_block8_1_bn,conv5_block8_1_conv,0,0,Activation,conv5_block8_1_relu,True,float32,relu,conv5_block8_1_relu,conv5_block8_1_bn,0,0,Conv2D,conv5_block8_2_conv,True,float32,32,3,3,1,1,same,channels_last,1,1,1,linear,False,GlorotUniform,Zeros,conv5_block8_2_conv,conv5_block8_1_relu,0,0,Concatenate,conv5_block8_concat,True,float32,3,conv5_block8_concat,conv5_block7_concat,0,0,conv5_block8_2_conv,0,0,BatchNormalization,conv5_block9_0_bn,True,float32,3,0.99,1.001e-05,True,True,Zeros,Ones,Zeros,Ones,conv5_block9_0_bn,conv5_block8_concat,0,0,Activation,conv5_block9_0_relu,True,float32,relu,conv5_block9_0_relu,conv5_block9_0_bn,0,0,Conv2D,conv5_block9_1_conv,True,float32,128,1,1,1,1,valid,channels_last,1,1,1,linear,False,GlorotUniform,Zeros,conv5_block9_1_conv,conv5_block9_0_relu,0,0,BatchNormalization,conv5_block9_1_bn,True,float32,3,0.99,1.001e-05,True,True,Zeros,Ones,Zeros,Ones,conv5_block9_1_bn,conv5_block9_1_conv,0,0,Activation,conv5_block9_1_relu,True,float32,relu,conv5_block9_1_relu,conv5_block9_1_bn,0,0,Conv2D,conv5_block9_2_conv,True,float32,32,3,3,1,1,same,channels_last,1,1,1,linear,False,GlorotUniform,Zeros,conv5_block9_2_conv,conv5_block9_1_relu,0,0,Concatenate,conv5_block9_concat,True,float32,3,conv5_block9_concat,conv5_block8_concat,0,0,conv5_block9_2_conv,0,0,BatchNormalization,conv5_block10_0_bn,True,float32,3,0.99,1.001e-05,True,True,Zeros,Ones,Zeros,Ones,conv5_block10_0_bn,conv5_block9_concat,0,0,Activation,conv5_block10_0_relu,True,float32,relu,conv5_block10_0_relu,conv5_block10_0_bn,0,0,Conv2D,conv5_block10_1_conv,True,float32,128,1,1,1,1,valid,channels_last,1,1,1,linear,False,GlorotUniform,Zeros,conv5_block10_1_conv,conv5_block10_0_relu,0,0,BatchNormalization,conv5_block10_1_bn,True,float32,3,0.99,1.001e-05,True,True,Zeros,Ones,Zeros,Ones,conv5_block10_1_bn,conv5_block10_1_conv,0,0,Activation,conv5_block10_1_relu,True,float32,relu,conv5_block10_1_relu,conv5_block10_1_bn,0,0,Conv2D,conv5_block10_2_conv,True,float32,32,3,3,1,1,same,channels_last,1,1,1,linear,False,GlorotUniform,Zeros,conv5_block10_2_conv,conv5_block10_1_relu,0,0,Concatenate,conv5_block10_concat,True,float32,3,conv5_block10_concat,conv5_block9_concat,0,0,conv5_block10_2_conv,0,0,BatchNormalization,conv5_block11_0_bn,True,float32,3,0.99,1.001e-05,True,True,Zeros,Ones,Zeros,Ones,conv5_block11_0_bn,conv5_block10_concat,0,0,Activation,conv5_block11_0_relu,True,float32,relu,conv5_block11_0_relu,conv5_block11_0_bn,0,0,Conv2D,conv5_block11_1_conv,True,float32,128,1,1,1,1,valid,channels_last,1,1,1,linear,False,GlorotUniform,Zeros,conv5_block11_1_conv,conv5_block11_0_relu,0,0,BatchNormalization,conv5_block11_1_bn,True,float32,3,0.99,1.001e-05,True,True,Zeros,Ones,Zeros,Ones,conv5_block11_1_bn,conv5_block11_1_conv,0,0,Activation,conv5_block11_1_relu,True,float32,relu,conv5_block11_1_relu,conv5_block11_1_bn,0,0,Conv2D,conv5_block11_2_conv,True,float32,32,3,3,1,1,same,channels_last,1,1,1,linear,False,GlorotUniform,Zeros,conv5_block11_2_conv,conv5_block11_1_relu,0,0,Concatenate,conv5_block11_concat,True,float32,3,conv5_block11_concat,conv5_block10_concat,0,0,conv5_block11_2_conv,0,0,BatchNormalization,conv5_block12_0_bn,True,float32,3,0.99,1.001e-05,True,True,Zeros,Ones,Zeros,Ones,conv5_block12_0_bn,conv5_block11_concat,0,0,Activation,conv5_block12_0_relu,True,float32,relu,conv5_block12_0_relu,conv5_block12_0_bn,0,0,Conv2D,conv5_block12_1_conv,True,float32,128,1,1,1,1,valid,channels_last,1,1,1,linear,False,GlorotUniform,Zeros,conv5_block12_1_conv,conv5_block12_0_relu,0,0,BatchNormalization,conv5_block12_1_bn,True,float32,3,0.99,1.001e-05,True,True,Zeros,Ones,Zeros,Ones,conv5_block12_1_bn,conv5_block12_1_conv,0,0,Activation,conv5_block12_1_relu,True,float32,relu,conv5_block12_1_relu,conv5_block12_1_bn,0,0,Conv2D,conv5_block12_2_conv,True,float32,32,3,3,1,1,same,channels_last,1,1,1,linear,False,GlorotUniform,Zeros,conv5_block12_2_conv,conv5_block12_1_relu,0,0,Concatenate,conv5_block12_concat,True,float32,3,conv5_block12_concat,conv5_block11_concat,0,0,conv5_block12_2_conv,0,0,BatchNormalization,conv5_block13_0_bn,True,float32,3,0.99,1.001e-05,True,True,Zeros,Ones,Zeros,Ones,conv5_block13_0_bn,conv5_block12_concat,0,0,Activation,conv5_block13_0_relu,True,float32,relu,conv5_block13_0_relu,conv5_block13_0_bn,0,0,Conv2D,conv5_block13_1_conv,True,float32,128,1,1,1,1,valid,channels_last,1,1,1,linear,False,GlorotUniform,Zeros,conv5_block13_1_conv,conv5_block13_0_relu,0,0,BatchNormalization,conv5_block13_1_bn,True,float32,3,0.99,1.001e-05,True,True,Zeros,Ones,Zeros,Ones,conv5_block13_1_bn,conv5_block13_1_conv,0,0,Activation,conv5_block13_1_relu,True,float32,relu,conv5_block13_1_relu,conv5_block13_1_bn,0,0,Conv2D,conv5_block13_2_conv,True,float32,32,3,3,1,1,same,channels_last,1,1,1,linear,False,GlorotUniform,Zeros,conv5_block13_2_conv,conv5_block13_1_relu,0,0,Concatenate,conv5_block13_concat,True,float32,3,conv5_block13_concat,conv5_block12_concat,0,0,conv5_block13_2_conv,0,0,BatchNormalization,conv5_block14_0_bn,True,float32,3,0.99,1.001e-05,True,True,Zeros,Ones,Zeros,Ones,conv5_block14_0_bn,conv5_block13_concat,0,0,Activation,conv5_block14_0_relu,True,float32,relu,conv5_block14_0_relu,conv5_block14_0_bn,0,0,Conv2D,conv5_block14_1_conv,True,float32,128,1,1,1,1,valid,channels_last,1,1,1,linear,False,GlorotUniform,Zeros,conv5_block14_1_conv,conv5_block14_0_relu,0,0,BatchNormalization,conv5_block14_1_bn,True,float32,3,0.99,1.001e-05,True,True,Zeros,Ones,Zeros,Ones,conv5_block14_1_bn,conv5_block14_1_conv,0,0,Activation,conv5_block14_1_relu,True,float32,relu,conv5_block14_1_relu,conv5_block14_1_bn,0,0,Conv2D,conv5_block14_2_conv,True,float32,32,3,3,1,1,same,channels_last,1,1,1,linear,False,GlorotUniform,Zeros,conv5_block14_2_conv,conv5_block14_1_relu,0,0,Concatenate,conv5_block14_concat,True,float32,3,conv5_block14_concat,conv5_block13_concat,0,0,conv5_block14_2_conv,0,0,BatchNormalization,conv5_block15_0_bn,True,float32,3,0.99,1.001e-05,True,True,Zeros,Ones,Zeros,Ones,conv5_block15_0_bn,conv5_block14_concat,0,0,Activation,conv5_block15_0_relu,True,float32,relu,conv5_block15_0_relu,conv5_block15_0_bn,0,0,Conv2D,conv5_block15_1_conv,True,float32,128,1,1,1,1,valid,channels_last,1,1,1,linear,False,GlorotUniform,Zeros,conv5_block15_1_conv,conv5_block15_0_relu,0,0,BatchNormalization,conv5_block15_1_bn,True,float32,3,0.99,1.001e-05,True,True,Zeros,Ones,Zeros,Ones,conv5_block15_1_bn,conv5_block15_1_conv,0,0,Activation,conv5_block15_1_relu,True,float32,relu,conv5_block15_1_relu,conv5_block15_1_bn,0,0,Conv2D,conv5_block15_2_conv,True,float32,32,3,3,1,1,same,channels_last,1,1,1,linear,False,GlorotUniform,Zeros,conv5_block15_2_conv,conv5_block15_1_relu,0,0,Concatenate,conv5_block15_concat,True,float32,3,conv5_block15_concat,conv5_block14_concat,0,0,conv5_block15_2_conv,0,0,BatchNormalization,conv5_block16_0_bn,True,float32,3,0.99,1.001e-05,True,True,Zeros,Ones,Zeros,Ones,conv5_block16_0_bn,conv5_block15_concat,0,0,Activation,conv5_block16_0_relu,True,float32,relu,conv5_block16_0_relu,conv5_block16_0_bn,0,0,Conv2D,conv5_block16_1_conv,True,float32,128,1,1,1,1,valid,channels_last,1,1,1,linear,False,GlorotUniform,Zeros,conv5_block16_1_conv,conv5_block16_0_relu,0,0,BatchNormalization,conv5_block16_1_bn,True,float32,3,0.99,1.001e-05,True,True,Zeros,Ones,Zeros,Ones,conv5_block16_1_bn,conv5_block16_1_conv,0,0,Activation,conv5_block16_1_relu,True,float32,relu,conv5_block16_1_relu,conv5_block16_1_bn,0,0,Conv2D,conv5_block16_2_conv,True,float32,32,3,3,1,1,same,channels_last,1,1,1,linear,False,GlorotUniform,Zeros,conv5_block16_2_conv,conv5_block16_1_relu,0,0,Concatenate,conv5_block16_concat,True,float32,3,conv5_block16_concat,conv5_block15_concat,0,0,conv5_block16_2_conv,0,0,BatchNormalization,bn,True,float32,3,0.99,1.001e-05,True,True,Zeros,Ones,Zeros,Ones,bn,conv5_block16_concat,0,0,Activation,relu,True,float32,relu,relu,bn,0,0,Flatten,flatten,True,float32,channels_last,flatten,relu,0,0,Dense,dense,True,float32,1024,relu,True,GlorotUniform,Zeros,dense,flatten,0,0,Dropout,dropout,True,float32,0.5,dropout,dense,0,0,Dense,dense_1,True,float32,4,softmax,True,GlorotUniform,Zeros,dense_1,dropout,0,0,input_1,0,0,dense_1,0,0,10,100,100,11,1,simple_call_test/metadata.json,simple_call_test,simple_call_test/audio,2,0.022,3,50,4,False,False,5,24,1,simple_call_test/metadata.json,simple_call_test,simple_call_test/audio,2,0.022,3,50,4,0.3,5,6,500000,100,Ham,7,8,8,1,2,3,simple_call_test/models/nn_densNet_sct_compressed_nrs24_hog_100/7292088f5dbad6d27b48f49abce1c91a4a11b1da/best_val_acc_e067_v0.875.h5,12
